"Recency","Frequency","Monetary","Time","Churn"
6.7,4,25.125,18.2,0
18.1,1,14.96,18.1,0
17.8,2,37.555,18.2,0
18.2,1,6.79,18.2,0
17.1666666666667,1,21.75,17.1666666666667,0
18.2,1,13.97,18.2,0
18.2,1,23.94,18.2,0
0.366666666666667,16,69.19,18.2,1
17.0333333333333,2,11.77,18.2,0
3.86666666666667,3,19.89,18.2,0
4.66666666666667,5,24.986,18.2,0
18.2,1,30.32,18.2,0
7.73333333333333,7,28.4528571428571,18.2,0
18.2,1,13.97,18.2,0
1.16666666666667,8,21.6475,18.2,1
6.76666666666667,8,23.3075,17.6,0
18.2,1,43.7,18.2,0
18.2,1,15.76,18.2,0
4.33333333333333,2,66.815,17.8666666666667,0
18.2,1,12.49,18.2,0
1.9,6,28.3533333333333,18.1666666666667,1
5.86666666666667,13,26.1376923076923,18.2,1
17.0666666666667,2,11.98,18.2,0
18.1666666666667,1,17.96,18.1666666666667,0
14.7666666666667,3,26.5266666666667,18.1666666666667,0
18.1666666666667,1,8.77,18.1666666666667,0
18.1666666666667,1,14.7,18.1666666666667,0
18.1666666666667,1,14.96,18.1666666666667,0
6.4,2,51.365,18.1666666666667,0
17.8,3,77.0433333333333,18.1666666666667,0
18.1666666666667,1,15.9,18.1666666666667,0
11.3,2,53.3,18.1666666666667,0
18.1666666666667,1,46.37,18.1666666666667,0
16.8,2,34.615,18.1666666666667,0
18.1666666666667,1,44.77,18.1666666666667,0
18.1666666666667,1,10.77,18.1666666666667,0
18.1666666666667,1,25.99,18.1666666666667,0
18.1666666666667,1,14.99,18.1666666666667,0
0.566666666666667,3,34.1333333333333,18.1666666666667,0
18.1666666666667,1,14.96,18.1666666666667,0
0.933333333333333,10,21.925,18.0333333333333,1
18.1666666666667,1,34.97,18.1666666666667,0
18.1333333333333,1,11.77,18.1333333333333,0
17.6666666666667,2,30.485,18.1666666666667,0
8.83333333333333,2,16.175,18.1666666666667,0
18.1666666666667,1,14.99,18.1666666666667,0
18.1333333333333,1,11.97,18.1333333333333,0
18.1333333333333,1,45.67,18.1333333333333,0
18.1333333333333,1,49.67,18.1333333333333,0
12.4333333333333,2,11.965,18.1333333333333,0
1.03333333333333,24,27.41125,18.1333333333333,1
18.1333333333333,1,14.37,18.1333333333333,0
17.6666666666667,1,11.77,17.6666666666667,0
18.1333333333333,1,12.49,18.1333333333333,0
1.43333333333333,36,28.4725,17.1,1
17.7666666666667,2,16.135,18.1333333333333,0
18.1333333333333,1,27.92,18.1333333333333,0
3.46666666666667,4,25.295,18.1,0
2.7,3,56.63,18.1333333333333,0
18.1333333333333,1,24.99,18.1333333333333,0
2.73333333333333,2,23.69,18.1333333333333,0
18.1,1,121.34,18.1,0
18,1,34.98,18,0
18.1333333333333,1,28.74,18.1333333333333,0
18.1333333333333,1,52.99,18.1333333333333,0
10.4,3,23.4733333333333,18.1333333333333,0
2.4,3,17.81,18.1333333333333,0
6.36666666666667,10,39.48,18.1,0
18.1,1,186.67,18.1,0
5.73333333333333,4,35.545,17.9,0
3.1,3,33.1466666666667,18.1,0
18.1,1,13.97,18.1,0
18.1,1,35.31,18.1,0
18.1,1,21.98,18.1,0
7.7,4,116.615,18.1,0
18.1,1,24.94,18.1,0
17.8,1,26.73,17.8,0
18.1,1,16.99,18.1,0
2.46666666666667,5,54.17,18.1,0
18.1,1,145.47,18.1,0
18.1,1,12.77,18.1,0
6.86666666666667,3,45.53,18.1,0
18.1,1,14.99,18.1,0
16.9,2,37.115,18.1,0
18.1,1,117.1,18.1,0
18.1,1,18.36,18.1,0
18.0666666666667,1,14.96,18.0666666666667,0
14.1333333333333,4,18.655,18.0666666666667,0
18.0666666666667,1,96.36,18.0666666666667,0
18.0666666666667,1,33.96,18.0666666666667,0
16.3333333333333,2,54.465,18.0666666666667,0
18.0666666666667,1,21.76,18.0666666666667,0
18.0666666666667,1,14.96,18.0666666666667,0
18.0666666666667,1,14.99,18.0666666666667,0
0.466666666666667,12,25.1083333333333,18.0666666666667,1
18.0666666666667,1,0,18.0666666666667,0
3.9,18,10.6005555555556,18.0666666666667,1
18.0333333333333,1,19.99,18.0333333333333,0
17.3333333333333,1,14.96,17.3333333333333,0
18.0666666666667,1,71.63,18.0666666666667,0
18.0666666666667,1,37.97,18.0666666666667,0
10.3,2,47.465,18.0666666666667,0
2.46666666666667,8,51.91125,18.0666666666667,0
18.0666666666667,1,34.9,18.0666666666667,0
18.0666666666667,1,43.09,18.0666666666667,0
18.0666666666667,1,31.51,18.0666666666667,0
18.0666666666667,1,56.51,18.0666666666667,0
18.0666666666667,1,36.36,18.0666666666667,0
5.13333333333333,5,26.514,18.0666666666667,0
1.9,8,25.25625,18.0666666666667,1
12.5,2,21.605,18.0666666666667,0
18.0333333333333,1,34.74,18.0333333333333,0
18.0333333333333,1,22.7,18.0333333333333,0
12.4,2,86.005,18.0333333333333,0
16.6,2,52.3,18.0333333333333,0
16.8666666666667,1,90.56,16.8666666666667,0
18.0333333333333,1,125.82,18.0333333333333,0
18.0333333333333,1,32.98,18.0333333333333,0
17.9666666666667,2,33.11,18.0333333333333,0
7.83333333333333,2,35.985,18.0333333333333,0
0.9,3,11.84,18.0333333333333,0
18.0333333333333,1,156,18.0333333333333,0
18.0333333333333,1,11.77,18.0333333333333,0
12.4,2,19.68,18.0333333333333,0
18.0333333333333,1,29.33,18.0333333333333,0
1.2,4,27.5025,18.0333333333333,0
18.0333333333333,1,8.77,18.0333333333333,0
17.9333333333333,1,166.3,17.9333333333333,0
6.66666666666667,4,117.86,17.7666666666667,0
18.0333333333333,1,11.77,18.0333333333333,0
16.6,1,17.3,16.6,0
18.0333333333333,1,9.98,18.0333333333333,0
18.0333333333333,1,19.77,18.0333333333333,0
18,1,28.37,18,0
17.3333333333333,2,14.865,18.0333333333333,0
18.0333333333333,1,163.52,18.0333333333333,0
14.9666666666667,2,87.69,17.3666666666667,0
18.0333333333333,1,24.99,18.0333333333333,0
18.0333333333333,1,14.96,18.0333333333333,0
4.6,3,18.3966666666667,18.0333333333333,0
18,1,10.77,18,0
16.2333333333333,5,12.254,18,0
11.9333333333333,4,17.71,18,0
7.76666666666667,2,58.405,18,0
12.4,2,49.825,18,0
0.733333333333333,8,12.24625,18,1
1.23333333333333,2,12.38,18,0
4.66666666666667,4,33.15,18,0
16.2666666666667,3,30.6433333333333,18,0
18,1,12.97,18,0
1.9,7,51.8357142857143,18,1
17.5,2,20.55,18,0
14.3333333333333,2,17.655,18,0
18,1,79.99,18,0
4.9,8,34.35375,18,0
11.3333333333333,3,19.0166666666667,18,0
0.733333333333333,13,34.3753846153846,18,1
9.66666666666667,3,17.6366666666667,18,0
18,1,70.42,18,0
6.73333333333333,7,21.2014285714286,18,1
3.66666666666667,21,25.5257142857143,18,1
2.13333333333333,7,22.0142857142857,18,0
7.3,7,28.01,18,0
9.76666666666667,5,22.308,18,0
18,1,30.97,18,0
17.6,1,35.31,17.6,0
18,1,11.77,18,0
17.3333333333333,2,16.03,18,0
14.0666666666667,2,60.78,17.6333333333333,0
18,1,0,18,0
16.5,2,23.045,18,0
0.666666666666667,47,23.9082978723404,18,1
17.9333333333333,1,12.49,17.9333333333333,0
17.9666666666667,1,14.37,17.9666666666667,0
12.2,4,42.53,17.9666666666667,0
17.9666666666667,1,31.54,17.9666666666667,0
0.733333333333333,2,39.21,17.9666666666667,0
17.5,2,36.21,17.9666666666667,0
17.9666666666667,1,73.3,17.9666666666667,0
2.86666666666667,17,53.6182352941176,17.9666666666667,1
17.9666666666667,2,26.86,17.9666666666667,0
5.1,2,50.52,17.9666666666667,0
1.63333333333333,30,31.9516666666667,17.9666666666667,1
1.83333333333333,15,32.612,17.9333333333333,1
17.9666666666667,1,14.37,17.9666666666667,0
17.9666666666667,1,25.77,17.9666666666667,0
2.7,4,15.49,17.9666666666667,0
17.9666666666667,1,64.99,17.9666666666667,0
17.9666666666667,1,51.37,17.9666666666667,0
17.9666666666667,1,93.57,17.9666666666667,0
17.9666666666667,1,18.36,17.9666666666667,0
17.9666666666667,1,6.79,17.9666666666667,0
2.8,17,48.2582352941176,17.9333333333333,1
17.9333333333333,1,17.96,17.9333333333333,0
17.9333333333333,1,15.76,17.9333333333333,0
6.5,4,22.505,17.6333333333333,0
17.9333333333333,1,12.97,17.9333333333333,0
1.8,5,16.814,17.9333333333333,0
17.9333333333333,1,8.77,17.9333333333333,0
0.633333333333333,7,27.8814285714286,17.9333333333333,0
17.9333333333333,1,14.96,17.9333333333333,0
4.3,5,39.306,17.7666666666667,0
4.36666666666667,4,12.55,17.9333333333333,0
6.33333333333333,5,31.884,17.9333333333333,0
16.5333333333333,4,34.3125,17.9333333333333,0
17.9333333333333,1,28.99,17.9333333333333,0
17.9333333333333,1,27.94,17.9333333333333,0
17.9333333333333,1,30.54,17.9333333333333,0
17.9333333333333,1,52.63,17.9333333333333,0
17.9333333333333,1,16.99,17.9333333333333,0
14.4,2,28.37,17.8666666666667,0
11.6333333333333,7,26.7014285714286,17.9333333333333,0
17.0333333333333,1,13.77,17.0333333333333,0
17.9333333333333,1,36.75,17.9333333333333,0
17.5666666666667,2,28.245,17.9333333333333,0
13.2,2,27.545,17.0666666666667,0
8.03333333333333,2,38.085,17.9333333333333,0
17.3333333333333,2,89.775,17.8,0
17.9333333333333,1,27.77,17.9333333333333,0
17.9,1,21.54,17.9,0
16.2666666666667,3,16.7466666666667,17.9,0
17.8,1,43.53,17.8,0
10.6666666666667,3,20.1433333333333,17.9,0
17.9,1,28.35,17.9,0
17.9,1,10.77,17.9,0
13.7,2,35.915,17.9,0
17.9,1,12.99,17.9,0
17.3333333333333,1,9.98,17.3333333333333,0
17.8333333333333,2,58.615,17.9,0
17.9,1,14.37,17.9,0
17.9,1,59.97,17.9,0
0.133333333333333,14,57.9164285714286,17.9,1
8.43333333333333,3,27.1,17.8,0
17.9,1,31.98,17.9,0
0.566666666666667,2,47.705,17.9,0
8.26666666666667,6,33.6783333333333,16.2333333333333,1
17.9,1,14.96,17.9,0
6.83333333333333,4,18.35,17.9,0
3.16666666666667,2,19.97,17.9,0
2.46666666666667,6,31.4966666666667,17.9,0
11.4666666666667,2,21.865,17.8666666666667,0
17.8666666666667,1,21.77,17.8666666666667,0
17.8666666666667,1,11.77,17.8666666666667,0
17.8666666666667,1,69.29,17.8666666666667,0
3.36666666666667,6,85.1866666666667,17.8333333333333,0
17.8666666666667,1,11.77,17.8666666666667,0
17.8666666666667,1,24.54,17.8666666666667,0
15.2,3,17.4866666666667,17.8666666666667,0
12.5,2,33.42,17.3666666666667,0
17.8666666666667,1,0,17.8666666666667,0
17.4,2,18.47,17.8666666666667,0
17.4333333333333,2,16.255,17.8666666666667,0
17.8,1,14.37,17.8,0
1.13333333333333,4,23.445,17.8666666666667,0
1.66666666666667,3,50.9366666666667,17.8666666666667,0
0.3,8,30.61125,17.8666666666667,1
17.8666666666667,1,29.92,17.8666666666667,0
17.8666666666667,1,35.31,17.8666666666667,0
17.8666666666667,1,11.77,17.8666666666667,0
17.8666666666667,1,5.78,17.8666666666667,0
17.8666666666667,1,15.96,17.8666666666667,0
17.8666666666667,1,16.7,17.8666666666667,0
17.8666666666667,1,14.37,17.8666666666667,0
17.8666666666667,1,58.85,17.8666666666667,0
4.66666666666667,6,19.2733333333333,17.8666666666667,0
3.4,6,23.12,17.8666666666667,1
16.6333333333333,7,141.468571428571,17.8333333333333,0
17.8333333333333,1,10.77,17.8333333333333,0
17.8333333333333,1,78.2,17.8333333333333,0
12.2333333333333,3,33.9333333333333,17.8333333333333,0
7.3,3,28.1433333333333,17.4,0
17.8333333333333,1,19.99,17.8333333333333,0
17.4,2,28.525,17.8333333333333,0
8.86666666666667,4,28.4075,17.8333333333333,0
17.8333333333333,1,14.96,17.8333333333333,0
17.6333333333333,1,14.37,17.6333333333333,0
17.8333333333333,1,27.13,17.8333333333333,0
2.86666666666667,3,14.44,17.8333333333333,0
17.8333333333333,1,4.99,17.8333333333333,0
7.7,4,76.365,17.8333333333333,0
17.8333333333333,1,11.77,17.8333333333333,0
5.26666666666667,7,29.8057142857143,17.8333333333333,0
17.8333333333333,1,59.54,17.8333333333333,0
17.8333333333333,1,16.7,17.8333333333333,0
16.4666666666667,2,42.62,17.8333333333333,0
17.7666666666667,1,19.28,17.7666666666667,0
11.2333333333333,4,18.8025,17.2666666666667,0
11.1666666666667,3,39.4533333333333,17.8333333333333,0
17.8333333333333,1,26.14,17.8333333333333,0
4.2,3,62.2166666666667,17.8333333333333,0
17.8333333333333,1,47.48,17.8333333333333,0
12.1333333333333,4,19.3475,17.8,0
17.8333333333333,1,166.75,17.8333333333333,0
17.8,2,11.77,17.8333333333333,0
3.36666666666667,5,16.436,17.8333333333333,0
7.4,5,23.244,17.8,0
16.5,2,67.855,17.8333333333333,0
5.6,17,15.1617647058824,17.8,1
17.8,1,31.97,17.8,0
0.4,25,20.6932,16.3333333333333,1
17.8,1,15.36,17.8,0
17.8,1,14.79,17.8,0
17.8,1,18.36,17.8,0
17.8,1,14.37,17.8,0
4.6,4,25.7175,17.5666666666667,0
13.2666666666667,4,80.49,17.8,0
10.1333333333333,4,19.155,17.8,0
17.1,2,35.025,17.8,0
17.8,1,40.11,17.8,0
17.8,1,0,17.8,0
1.83333333333333,4,89.2,17.6666666666667,0
3.2,10,41.581,17.8,1
17.8,1,30.72,17.8,0
3.26666666666667,15,25.1533333333333,17.8,1
17.8,1,26.94,17.8,0
9.53333333333333,3,66.45,17.8,0
17.7,2,18.055,17.8,0
8.93333333333333,2,47.22,15.7,0
17.8,1,29.73,17.8,0
17.7666666666667,1,126.9,17.7666666666667,0
4.06666666666667,5,36.16,17.8,0
17.8,1,20.99,17.8,0
17.8,1,12.77,17.8,0
14.7666666666667,3,13.51,17.2333333333333,0
17.7666666666667,1,38.13,17.7666666666667,0
9.73333333333333,4,32.555,17.7666666666667,0
9.3,2,18.735,17.7666666666667,0
0.6,3,36.32,17.7666666666667,0
17.7666666666667,1,23.99,17.7666666666667,0
3.4,3,13.41,17.7666666666667,0
17.7333333333333,1,57.51,17.7333333333333,0
17.7666666666667,1,13.97,17.7666666666667,0
15.6666666666667,2,47.655,17.7333333333333,0
17.7666666666667,1,15.36,17.7666666666667,0
17.7666666666667,1,11.77,17.7666666666667,0
16.7666666666667,6,46.6966666666667,17.7666666666667,0
17.7666666666667,1,14.37,17.7666666666667,0
1.7,6,44.44,17.7666666666667,1
17.7666666666667,1,51.15,17.7666666666667,0
3.8,5,110.2,17.7666666666667,0
17.7666666666667,1,14.7,17.7666666666667,0
17.5,1,37.98,17.5,0
7.86666666666667,6,76.985,15.6333333333333,0
17.7666666666667,1,28.74,17.7666666666667,0
8.9,3,24.1066666666667,17.7666666666667,0
17.7666666666667,1,52.27,17.7666666666667,0
6.83333333333333,4,29.2225,17.7666666666667,0
0.0333333333333333,2,13.62,17.7666666666667,0
0.333333333333333,12,30.5458333333333,17.7333333333333,0
1.76666666666667,4,36.21,17.7666666666667,0
2.16666666666667,35,29.222,17.7333333333333,1
17.7333333333333,1,23.99,17.7333333333333,0
12.3666666666667,4,26.9975,17.4,0
17.7333333333333,1,19.97,17.7333333333333,0
17.7333333333333,1,12.7,17.7333333333333,0
17.7333333333333,1,39.96,17.7333333333333,0
8.73333333333333,7,63.0514285714286,17.7333333333333,0
17.1333333333333,1,179.21,17.1333333333333,0
17.7333333333333,1,14.7,17.7333333333333,0
9.3,3,19.9,17,0
14.4333333333333,3,28.66,17.7333333333333,0
17.7333333333333,1,14.96,17.7333333333333,0
17.7333333333333,1,15.36,17.7333333333333,0
17.7333333333333,1,26.14,17.7333333333333,0
6.6,9,45.5,17.7333333333333,0
17.7333333333333,1,11.99,17.7333333333333,0
11.5,2,34.635,16.9,0
1.56666666666667,5,11.946,17.7333333333333,0
3.46666666666667,3,10.9866666666667,17.7333333333333,0
7.4,4,23.3975,17.7,0
17.7333333333333,1,30.13,17.7333333333333,0
17.7333333333333,1,19.99,17.7333333333333,0
17.7333333333333,1,27.99,17.7333333333333,0
17.7333333333333,1,29.98,17.7333333333333,0
17.5333333333333,1,10.97,17.5333333333333,0
17.7,1,21.98,17.7,0
2.9,4,55.2625,17.5,0
17.7,1,39.3,17.7,0
17.7,1,15.36,17.7,0
12.4333333333333,2,5.79,17.7,0
17.7,1,17.9,17.7,0
12.4333333333333,3,95.4633333333333,17.7,0
15.4666666666667,2,21.05,17.7,0
17.7,1,7.98,17.7,0
17.7,1,11.56,17.7,0
17.7,1,41.9,17.7,0
17,1,58.47,17,0
17.7,1,44.12,17.7,0
17.7,1,9.99,17.7,0
17.1,2,144.83,17.7,0
12.1666666666667,3,32.14,17.7,0
17.7,1,15.36,17.7,0
17.7,1,17.36,17.7,0
17.7,1,19.99,17.7,0
17.7,1,7.78,17.7,0
15.2333333333333,3,14.8433333333333,17.7,0
9.1,6,42.2833333333333,17.7,0
17.7,1,15.96,17.7,0
4.43333333333333,6,26.8683333333333,17.6666666666667,1
17.6666666666667,1,18.77,17.6666666666667,0
3.8,3,20.1966666666667,17.6666666666667,0
3.3,2,15.13,17.6666666666667,0
17.6666666666667,1,14.37,17.6666666666667,0
17.6666666666667,1,11.77,17.6666666666667,0
0.3,8,44.57625,15.9,1
17.6666666666667,1,14.37,17.6666666666667,0
17.6666666666667,1,12.97,17.6666666666667,0
3.2,5,18.914,17.6666666666667,0
15.2333333333333,2,20.76,17.6666666666667,0
12.5333333333333,2,12.745,17.6666666666667,0
17.6666666666667,1,15.36,17.6666666666667,0
12.2,3,89.6133333333333,17.1,0
17.6333333333333,1,42.73,17.6333333333333,0
17.6666666666667,1,20,17.6666666666667,0
17.6666666666667,1,14.99,17.6666666666667,0
0.2,22,28.3745454545455,17.6666666666667,1
16.1333333333333,1,14.99,16.1333333333333,0
17.6666666666667,1,13.97,17.6666666666667,0
17.6666666666667,1,43.69,17.6666666666667,0
5.26666666666667,9,24.6577777777778,17.6666666666667,1
17.6666666666667,1,14.37,17.6666666666667,0
17.6666666666667,1,30.73,17.6666666666667,0
17.6333333333333,1,15.36,17.6333333333333,0
17.6,1,10.77,17.6,0
17.6333333333333,1,15.36,17.6333333333333,0
11.6,2,102.5,17.6333333333333,0
16.6,3,24.4833333333333,17.6333333333333,0
6.6,2,36.14,17.6333333333333,0
12.6666666666667,4,17.2175,17.6333333333333,0
15.7666666666667,2,32.485,17.6333333333333,0
17.6333333333333,1,19.54,17.6333333333333,0
17.6333333333333,1,23.54,17.6333333333333,0
17.5666666666667,1,18.56,17.5666666666667,0
12.5333333333333,3,14.3533333333333,17.6333333333333,0
17.6333333333333,1,20.75,17.6333333333333,0
2.33333333333333,13,44.4630769230769,17.6333333333333,1
4.63333333333333,3,18.4433333333333,17.6333333333333,0
17.6333333333333,1,11.77,17.6333333333333,0
13.9333333333333,3,33.7233333333333,17.6333333333333,0
0.666666666666667,3,22.55,17.6333333333333,0
17.6333333333333,1,44.29,17.6333333333333,0
17.6333333333333,1,55.04,17.6333333333333,0
1.43333333333333,5,26.108,17.6333333333333,1
17.6333333333333,1,56.66,17.6333333333333,0
6,5,86.348,17.6333333333333,0
17.6333333333333,1,73.13,17.6333333333333,0
7.63333333333333,2,27.35,17.6333333333333,0
17.4,1,25.74,17.4,0
17.6,1,26.74,17.6,0
4.03333333333333,2,20.63,17.6,0
7.03333333333333,2,35.17,17.6,0
17.6,1,16.9,17.6,0
6.9,4,43.3825,17.6,0
13,3,36.38,17.6,0
1.86666666666667,6,24.3716666666667,17.6,0
17.6,1,12.49,17.6,0
17.6,1,36.73,17.6,0
4.16666666666667,4,54.3725,16.4,0
16.5666666666667,2,25.35,17.6,0
0.8,7,37.8614285714286,17.6,1
17.6,1,15.36,17.6,0
17.6,1,15.36,17.6,0
8.46666666666667,2,40.595,17.6,0
17.6,1,11.77,17.6,0
17.6,1,49.87,17.6,0
2.1,3,40.6633333333333,17.6,0
17.6,1,9.77,17.6,0
17.6,1,39.98,17.6,0
12.8333333333333,2,12.77,16.2666666666667,0
17.6,1,58.89,17.6,0
17.6,1,31.52,17.6,0
13.3666666666667,2,25.065,17.6,0
11.5,3,93.0566666666667,17.6,0
0.633333333333333,11,25.3,17.6,1
17.6,1,13.97,17.6,0
4.2,5,11.242,17.3666666666667,1
17.6,1,65.97,17.6,0
0.9,8,21.745,17.5666666666667,1
17.5666666666667,1,14.99,17.5666666666667,0
17.0666666666667,2,31.665,17.5666666666667,0
17.5666666666667,1,14.96,17.5666666666667,0
15.7333333333333,2,49.51,17.5666666666667,0
8.76666666666667,3,95.5233333333333,17.5666666666667,0
13.6,2,18.755,17.5666666666667,0
15,3,44.92,17.5666666666667,0
11.2333333333333,2,22.545,17.5666666666667,0
17.5666666666667,1,29.92,17.5666666666667,0
3.46666666666667,14,50.3064285714286,17.5666666666667,1
14.0333333333333,5,19.214,17.5666666666667,0
17.5666666666667,1,23.73,17.5666666666667,0
17.5666666666667,1,76.23,17.5666666666667,0
17.5666666666667,1,43.89,17.5666666666667,0
0.9,12,20.5575,17.5666666666667,1
17.5666666666667,1,59.25,17.5666666666667,0
16.7666666666667,1,15.96,16.7666666666667,0
15.5666666666667,2,43.7,17.5666666666667,0
7.3,3,14.8533333333333,17.1333333333333,0
6.1,4,38.39,17.5666666666667,0
17.5666666666667,1,23.96,17.5666666666667,0
1.03333333333333,4,39.315,17.5666666666667,0
10.2,2,33.905,17.5666666666667,0
8.7,2,30.94,17.5666666666667,0
7.5,7,19.6857142857143,17.5666666666667,0
17.3666666666667,1,38.71,17.3666666666667,0
1.43333333333333,2,53.16,17.5666666666667,0
6.9,3,27.04,17.5666666666667,0
16.4,1,32.33,16.4,0
17.5666666666667,1,40.73,17.5666666666667,0
17.5666666666667,1,9.98,17.5666666666667,0
3.5,4,24.93,17.2333333333333,0
2.43333333333333,4,28.89,17.5666666666667,0
17.5666666666667,1,30.86,17.5666666666667,0
17.5666666666667,1,34.31,17.5666666666667,0
4.06666666666667,7,29.4442857142857,17.5666666666667,0
8.3,3,13.6566666666667,17.5666666666667,0
4.03333333333333,5,50.946,17.5333333333333,1
3.03333333333333,3,81.7166666666667,17.5333333333333,0
17.5333333333333,1,14.96,17.5333333333333,0
15.5333333333333,2,11.98,17.5333333333333,0
17.5333333333333,1,13.97,17.5333333333333,0
9.8,14,41.5635714285714,17.5333333333333,0
17.5333333333333,1,13.97,17.5333333333333,0
15.4333333333333,6,34.0433333333333,17.5333333333333,0
17.5333333333333,1,21.99,17.5333333333333,0
11.8666666666667,13,25.3738461538462,17.4333333333333,0
17.5333333333333,1,9.98,17.5333333333333,0
4.8,4,38.1425,17.1,0
17.1,1,12.99,17.1,0
8.33333333333333,2,70.205,17.5333333333333,0
3.33333333333333,8,24.92375,17.5333333333333,1
3.4,2,16.675,17.5333333333333,0
6.9,5,26.982,17.5333333333333,0
17.5333333333333,1,12.49,17.5333333333333,0
6.33333333333333,3,10.65,17.5333333333333,0
17.0333333333333,2,23.04,17.5333333333333,0
17.5,1,65.34,17.5,0
17.5333333333333,1,41.98,17.5333333333333,0
17.5333333333333,1,60.64,17.5333333333333,0
0.133333333333333,11,40.5509090909091,17.5333333333333,1
16.2333333333333,4,34.62,17.5333333333333,0
17.5333333333333,1,74.97,17.5333333333333,0
17.5333333333333,1,14.96,17.5333333333333,0
17.5333333333333,1,39.98,17.5333333333333,0
6.6,5,68.26,17.5,0
15.0666666666667,3,67.4366666666667,17.2,0
17.5,1,18.75,17.5,0
5.03333333333333,24,80.9825,17.5,1
17.5,1,13.97,17.5,0
16.2666666666667,2,29.85,17.5,0
0.166666666666667,12,29.0158333333333,17.4666666666667,1
17.5,1,49.97,17.5,0
15.6666666666667,2,24.81,17.5,0
17.5,1,35.76,17.5,0
17.4666666666667,1,11.77,17.4666666666667,0
17.5,1,11.77,17.5,0
0.433333333333333,3,19.5533333333333,17.5,0
6.03333333333333,7,33.04,17.5,1
17.5,1,14.77,17.5,0
4.16666666666667,3,27.1966666666667,17.5,0
17.5,1,34.98,17.5,0
0.733333333333333,16,19.89875,17.5,1
17.5,1,28.13,17.5,0
14.9,3,15.9066666666667,17.5,0
17.5,1,30.36,17.5,0
17.5,1,43.7,17.5,0
8.23333333333333,7,50.0485714285714,17.5,0
17.5,1,12.49,17.5,0
1.96666666666667,3,19.1833333333333,17.5,0
17.4666666666667,1,25.74,17.4666666666667,0
3.8,3,22.7833333333333,17.4666666666667,0
17.4666666666667,1,41.5,17.4666666666667,0
16.4,2,34.21,17.4666666666667,0
5,5,108.42,17.4666666666667,1
17.4666666666667,1,11.77,17.4666666666667,0
17.4666666666667,1,9.77,17.4666666666667,0
17.4666666666667,1,141.85,17.4666666666667,0
17.4333333333333,2,15.365,17.4666666666667,0
8.2,5,35.48,17.2333333333333,0
17.4666666666667,1,202.58,17.4666666666667,0
1.96666666666667,10,32.553,17.4666666666667,1
17.4666666666667,1,35.91,17.4666666666667,0
12.2333333333333,3,132.2,17.4666666666667,0
17.4666666666667,1,14.37,17.4666666666667,0
17.4666666666667,1,29.16,17.4666666666667,0
17.4666666666667,1,23.14,17.4666666666667,0
17.4666666666667,1,13.97,17.4666666666667,0
16.9333333333333,1,119.55,16.9333333333333,0
12.3333333333333,2,70.95,17.4666666666667,0
9.03333333333333,3,42.72,16.6333333333333,0
0.0666666666666667,20,39.626,17.4666666666667,1
17.4666666666667,1,15.76,17.4666666666667,0
15.9,2,48.965,17.4666666666667,0
16.6666666666667,4,39.5475,17.4666666666667,0
0.933333333333333,5,44.974,17.4666666666667,0
17.4666666666667,1,21.54,17.4666666666667,0
9.9,3,31.91,17.4666666666667,0
17.4666666666667,1,12.97,17.4666666666667,0
17.4666666666667,1,25.14,17.4666666666667,0
17.4333333333333,1,23.54,17.4333333333333,0
15.6666666666667,2,34.81,17.4333333333333,0
5.03333333333333,6,47.455,17.4333333333333,0
17.4,1,86.02,17.4,0
9.4,3,21.3166666666667,17.4333333333333,0
17.4333333333333,1,42.31,17.4333333333333,0
17.4333333333333,3,14.5666666666667,17.4333333333333,0
17.4333333333333,1,80.59,17.4333333333333,0
17.4333333333333,1,78.7,17.4333333333333,0
4.1,8,22.685,17.4333333333333,1
4.36666666666667,3,40.9866666666667,17.4333333333333,0
17.4333333333333,1,26.07,17.4333333333333,0
3.8,5,13.234,17.4333333333333,0
17.4333333333333,1,15.96,17.4333333333333,0
4.53333333333333,7,56.0714285714286,17.4333333333333,0
17.2666666666667,1,3.99,17.2666666666667,0
3.1,4,34.595,17.4333333333333,0
11.2,2,27.125,17.4333333333333,0
16.1666666666667,2,50.47,17.4333333333333,0
17.4333333333333,1,43.09,17.4333333333333,0
15.7333333333333,2,56.76,17.4333333333333,0
17.4333333333333,1,38.99,17.4333333333333,0
12.4333333333333,2,48.62,17.3,0
17.4333333333333,1,197.79,17.4333333333333,0
17.4333333333333,1,11.77,17.4333333333333,0
17.4333333333333,2,24.49,17.4333333333333,0
17.4333333333333,1,13.97,17.4333333333333,0
17.4333333333333,1,26.14,17.4333333333333,0
17.3666666666667,1,30.32,17.3666666666667,0
5.73333333333333,16,65.03,16.5333333333333,1
17.4,1,13.97,17.4,0
17.4,1,38.5,17.4,0
17.4,1,12.77,17.4,0
17.4,1,34.54,17.4,0
1.13333333333333,8,18.08625,17.2666666666667,0
10.6333333333333,2,18.53,17.4,0
3.3,9,38.8077777777778,17.4,0
17.4,1,11.77,17.4,0
17.4,1,19.77,17.4,0
3.36666666666667,7,48.6871428571429,17.4,1
17.4,1,14.79,17.4,0
3.73333333333333,4,17.2375,17.4,0
7.43333333333333,5,9.702,17.4,0
8.26666666666667,2,86.49,17.4,0
12.4,5,31.164,17.4,0
4.93333333333333,2,124.52,17.4,0
17.4,1,71.62,17.4,0
10.4,4,20.02,17.4,0
17.4,1,77.24,17.4,0
10.1,2,21.555,17.4,0
17.4,1,14.96,17.4,0
6.66666666666667,6,37.4466666666667,16.9333333333333,0
14.2333333333333,3,21.4766666666667,17.4,0
12.2666666666667,3,41.3733333333333,17.4,0
17.4,1,34.75,17.4,0
5.2,3,14.2433333333333,15.4666666666667,0
17.3666666666667,1,24.99,17.3666666666667,0
17.3666666666667,1,39.48,17.3666666666667,0
16.4666666666667,3,20.8133333333333,17.3666666666667,0
17.3666666666667,1,59.26,17.3666666666667,0
17.3666666666667,1,14.96,17.3666666666667,0
15.5333333333333,2,19.97,17.3666666666667,0
17.3666666666667,1,15.76,17.3666666666667,0
11.8,2,20.87,17.3666666666667,0
17.3666666666667,1,73.95,17.3666666666667,0
14.7666666666667,4,38.475,17.3666666666667,0
17.3666666666667,1,14.37,17.3666666666667,0
17.3666666666667,1,24.98,17.3666666666667,0
17.3666666666667,1,9.77,17.3666666666667,0
17.3666666666667,1,15.36,17.3666666666667,0
16.8666666666667,1,14.37,16.8666666666667,0
17.3333333333333,1,73.97,17.3333333333333,0
3.13333333333333,4,29.7575,17.3666666666667,0
17.3666666666667,1,13.97,17.3666666666667,0
17.3666666666667,1,14.37,17.3666666666667,0
16.7333333333333,2,43.985,17.3666666666667,0
17.3666666666667,1,14.99,17.3666666666667,0
17.3666666666667,1,53.29,17.3666666666667,0
17.3666666666667,1,15.36,17.3666666666667,0
17.3333333333333,1,15.36,17.3333333333333,0
0.266666666666667,10,43.486,17.3333333333333,1
17.3333333333333,1,6.79,17.3333333333333,0
10.7,5,18.076,17.3333333333333,0
15.8333333333333,1,25.74,15.8333333333333,0
5.16666666666667,2,88.475,17.3333333333333,0
17.0666666666667,1,47.3,17.0666666666667,0
1.7,3,21.4466666666667,17.3333333333333,0
17.3333333333333,1,11.77,17.3333333333333,0
17.3333333333333,1,24.74,17.3333333333333,0
6.33333333333333,5,14.932,17.3333333333333,0
17.3,1,5.78,17.3,0
2.53333333333333,6,19.8783333333333,17.3333333333333,0
3.4,3,24.3933333333333,17.3333333333333,0
7.26666666666667,3,39.31,17.3333333333333,0
17.3333333333333,1,9.77,17.3333333333333,0
17.3333333333333,1,28.74,17.3333333333333,0
17.3333333333333,1,14.37,17.3333333333333,0
10.0666666666667,6,26.4516666666667,17.3333333333333,0
15.9666666666667,2,21.645,17.3333333333333,0
3.23333333333333,2,69.25,17.3333333333333,0
17.3333333333333,1,37.03,17.3333333333333,0
15.6666666666667,2,27.6,17.3333333333333,0
15.4,3,39.6633333333333,17.3333333333333,0
9.46666666666667,2,22.155,17.3333333333333,0
17.3333333333333,1,24.74,17.3333333333333,0
17.3333333333333,1,23.98,17.3333333333333,0
17.3333333333333,1,23.54,17.3333333333333,0
1.76666666666667,2,8.63,17.3333333333333,0
9.46666666666667,9,29.7544444444444,17.3,0
16.2666666666667,2,48.805,17.3,0
17.3,1,28.99,17.3,0
2.23333333333333,10,33.238,17.3,1
15.4,2,24.735,17.3,0
1.03333333333333,7,55.5057142857143,17.3,0
17.3,1,32.29,17.3,0
6.8,7,57.1657142857143,17.3,0
11.9333333333333,7,77.9242857142857,17.3,0
17.3,1,58.31,17.3,0
12.5333333333333,2,10.875,17.3,0
17.3,1,5.99,17.3,0
13.5,3,29.5433333333333,17.3,0
1.93333333333333,13,20.0638461538462,17.3,1
17.3,1,28.74,17.3,0
10.7666666666667,2,11.63,17.3,0
17.3,1,31.54,17.3,0
17.3,1,24.99,17.3,0
17.3,1,14.96,17.3,0
17.3,1,27.94,17.3,0
6.86666666666667,3,26.65,17,0
17.3,1,19.99,17.3,0
17.3,1,11.77,17.3,0
5.7,2,37.975,17.2666666666667,0
3.66666666666667,3,28.8066666666667,17.3,0
15.9,2,18.465,17.3,0
17.3,1,32.6,17.3,0
3.36666666666667,22,37.6036363636364,17.3,1
17.3,1,16.36,17.3,0
12.2,3,95.9666666666667,17.1,0
17.3,1,36.48,17.3,0
16.4666666666667,2,23.99,17.3,0
7.7,5,16.488,17.2666666666667,0
11.9333333333333,2,116.53,17.2666666666667,0
17.2666666666667,1,13.99,17.2666666666667,0
17.2666666666667,1,33.13,17.2666666666667,0
7.8,4,69.9175,15.9333333333333,0
14.6666666666667,2,12.375,17.2666666666667,0
17,1,51.38,17,0
17.2666666666667,1,21.99,17.2666666666667,0
16.1,1,25.54,16.1,0
13.8333333333333,4,43.3025,17.1,0
17.2333333333333,1,15.36,17.2333333333333,0
16.3333333333333,2,24.76,17.2666666666667,0
17.1333333333333,2,22.185,17.2666666666667,0
17.2666666666667,1,12.49,17.2666666666667,0
14.8666666666667,2,25.645,16.9,0
17.2666666666667,1,25.76,17.2666666666667,0
17.2666666666667,1,19.99,17.2666666666667,0
2.46666666666667,6,21.585,17.2666666666667,0
0.1,12,18.3708333333333,17.2666666666667,1
16.8666666666667,2,22.365,17.2666666666667,0
17.2333333333333,1,14.96,17.2333333333333,0
15,3,60.2666666666667,17.2666666666667,0
0.233333333333333,3,44.9066666666667,17.2666666666667,0
3.93333333333333,3,16.1466666666667,17.2666666666667,0
2.5,4,22.1825,17.2666666666667,0
17.2666666666667,1,67.47,17.2666666666667,0
7.13333333333333,9,14.1055555555556,17.2666666666667,1
17.2666666666667,1,15.36,17.2666666666667,0
16.5666666666667,1,50.94,16.5666666666667,0
17.2666666666667,1,6.79,17.2666666666667,0
17.2666666666667,1,57.09,17.2666666666667,0
17.2666666666667,1,26.14,17.2666666666667,0
17.2666666666667,1,27.13,17.2666666666667,0
12.5333333333333,4,43.665,17.2666666666667,0
17.2666666666667,1,30.13,17.2666666666667,0
13.3,6,54.4633333333333,17.2666666666667,0
17.2666666666667,1,24.94,17.2666666666667,0
17.2333333333333,1,20.54,17.2333333333333,0
8.4,2,117.06,17.2333333333333,0
16.8,1,53.98,16.8,0
17.2333333333333,1,6.79,17.2333333333333,0
17.2333333333333,1,44.98,17.2333333333333,0
4.13333333333333,3,21.8333333333333,17.2333333333333,0
17.2333333333333,1,11.77,17.2333333333333,0
1.9,3,22.8533333333333,17.2333333333333,0
17.2333333333333,1,5.98,17.2333333333333,0
4.16666666666667,4,13.9825,17.2333333333333,0
17.2333333333333,1,40.73,17.2333333333333,0
5.96666666666667,5,14.322,17.2333333333333,0
17.2333333333333,1,19.98,17.2333333333333,0
2.8,14,41.1021428571429,17.1666666666667,1
1.8,5,130.098,17.2333333333333,1
17.2333333333333,1,11.77,17.2333333333333,0
17.2333333333333,1,39.98,17.2333333333333,0
11.2,3,39.32,17.1666666666667,0
15.5666666666667,2,9.64,17.2333333333333,0
17.1,1,23.36,17.1,0
7.96666666666667,13,68.8784615384615,17.2333333333333,1
17.2333333333333,1,15.36,17.2333333333333,0
17.2333333333333,1,54.98,17.2333333333333,0
17.2333333333333,1,16,17.2333333333333,0
17.2333333333333,1,19.99,17.2333333333333,0
5.2,5,14.05,17.2333333333333,0
13.2333333333333,4,24.6375,17.2333333333333,0
17.2333333333333,1,21.97,17.2333333333333,0
17.2333333333333,1,23.54,17.2333333333333,0
6.86666666666667,8,92.09625,17.2,1
4.43333333333333,7,20.7314285714286,17.2,1
0.0333333333333333,3,129.813333333333,17.2,0
17.2,1,88.7,17.2,0
17.2,1,45.28,17.2,0
17.2,1,8.97,17.2,0
16.8666666666667,1,39.75,16.8666666666667,0
0.166666666666667,3,10.52,17.2,0
17.2,1,76.8,17.2,0
17.2,1,14.97,17.2,0
16.3333333333333,2,29.33,17.2,0
17.2,1,26.73,17.2,0
17.2,1,16.96,17.2,0
17.2,1,11.77,17.2,0
17.2,1,104.29,17.2,0
7.4,3,17.87,17.2,0
17.1333333333333,2,19.475,17.2,0
15.0333333333333,4,12.265,17.2,0
15.1666666666667,2,37.21,17.2,0
17.2,1,9.98,17.2,0
17.2,1,14.96,17.2,0
17.2,1,11.77,17.2,0
17.1666666666667,1,8.97,17.1666666666667,0
2.93333333333333,2,21.22,16.1333333333333,0
17.1666666666667,1,4.79,17.1666666666667,0
17.1666666666667,1,66.26,17.1666666666667,0
17.1666666666667,1,31.35,17.1666666666667,0
17.1666666666667,1,14.37,17.1666666666667,0
17.1666666666667,1,117.74,17.1666666666667,0
1.53333333333333,3,14.8233333333333,17.1666666666667,0
2.26666666666667,4,33.84,17.1666666666667,0
16.6666666666667,2,49.485,17.1666666666667,0
9.96666666666667,7,12.9471428571429,17.1666666666667,0
17.1666666666667,1,38.99,17.1666666666667,0
15.8,2,56.335,17.1666666666667,0
17.1666666666667,1,19.77,17.1666666666667,0
3.6,4,92.2025,17.1666666666667,0
1.46666666666667,2,24.75,17.1666666666667,0
17.1666666666667,1,11.77,17.1666666666667,0
1.9,13,117.349230769231,17.1666666666667,1
0.366666666666667,33,33.7151515151515,17.1333333333333,1
15.8333333333333,12,20.7191666666667,17.1333333333333,0
17.1666666666667,1,14.37,17.1666666666667,0
17.1666666666667,1,16.76,17.1666666666667,0
17.1666666666667,1,15.96,17.1666666666667,0
5.5,4,27.1425,17.1666666666667,0
17.1666666666667,1,23.54,17.1666666666667,0
17.1666666666667,1,27.85,17.1666666666667,0
17,1,182.02,17,0
17.1666666666667,1,32.97,17.1666666666667,0
17.1666666666667,1,26.67,17.1666666666667,0
0.1,9,34.0677777777778,17.1666666666667,1
4.23333333333333,5,37.046,15.7,0
17.1333333333333,1,29.67,17.1333333333333,0
17.1333333333333,1,14.37,17.1333333333333,0
17.1,1,261.79,17.1,0
9.66666666666667,4,35.7325,17.1333333333333,0
17.1333333333333,1,68.51,17.1333333333333,0
11.9666666666667,2,13.565,17.1333333333333,0
17.1333333333333,1,12.97,17.1333333333333,0
16.0333333333333,2,59.545,17.1333333333333,0
12.5333333333333,2,13.365,17.1333333333333,0
16.9333333333333,3,53.6666666666667,17.1333333333333,0
17.1333333333333,1,22,17.1333333333333,0
1.83333333333333,9,148.394444444444,16.1666666666667,1
17.1333333333333,1,45.53,17.1333333333333,0
17.1333333333333,1,58.53,17.1333333333333,0
15.2,2,16.98,17.1333333333333,0
17.1333333333333,1,12.49,17.1333333333333,0
17.1333333333333,1,33.7,17.1333333333333,0
12.2,2,27.635,17.1333333333333,0
11.5666666666667,2,17.86,17.1333333333333,0
17.1333333333333,1,17.96,17.1333333333333,0
17.1333333333333,1,18.54,17.1333333333333,0
3.4,2,16.235,17.1333333333333,0
17.1333333333333,1,129.98,17.1333333333333,0
9.9,3,13.4,17.1333333333333,0
17,2,12.97,17.1333333333333,0
17.1333333333333,1,61.45,17.1333333333333,0
7.63333333333333,2,21.31,17.1333333333333,0
0.8,6,32.895,17.1333333333333,1
17.1,1,11.77,17.1,0
15.5666666666667,2,34.955,17.1,0
17.1,1,119.57,17.1,0
17.1,1,43.3,17.1,0
3.26666666666667,11,31.3727272727273,16.4,1
17.1,1,26.14,17.1,0
2.36666666666667,4,43.825,17.1,0
17.1,1,54.77,17.1,0
13.8,2,17.755,16.3,0
2.73333333333333,7,41.8571428571429,17.1,0
17.1,1,13.7,17.1,0
16.7666666666667,2,51.415,17.1,0
17.1,1,10.78,17.1,0
17.1,1,29.58,17.1,0
5.76666666666667,5,27.64,17.1,0
17.1,1,57.54,17.1,0
17.1,1,11.77,17.1,0
17.1,1,10.77,17.1,0
13.6333333333333,2,34.315,17.1,0
17.1,1,28.99,17.1,0
1.46666666666667,22,25.6531818181818,17.1,1
17.1,1,50,17.1,0
17.1,1,15.36,17.1,0
3.96666666666667,3,12.6166666666667,17.1,0
17.1,1,15.36,17.1,0
17.1,1,29.73,17.1,0
2.73333333333333,2,23.76,17.0333333333333,0
17.0666666666667,2,12.765,17.1,0
17.1,1,14.96,17.1,0
17.1,1,9.77,17.1,0
10.6333333333333,2,51.425,17.1,0
17.0666666666667,1,32.32,17.0666666666667,0
1.83333333333333,7,17.2485714285714,17.0666666666667,0
17.0666666666667,1,29.92,17.0666666666667,0
0.5,3,22.91,17.0666666666667,0
13.5,2,22.44,17.0666666666667,0
17.0666666666667,1,27.76,17.0666666666667,0
17,1,26.95,17,0
17.0666666666667,1,23.54,17.0666666666667,0
3.9,8,55.5575,17.0666666666667,1
6.96666666666667,2,23.13,17.0666666666667,0
17.0666666666667,1,42.98,17.0666666666667,0
13.8666666666667,2,33.295,17.0666666666667,0
17.0666666666667,1,6.79,17.0666666666667,0
17.0666666666667,1,19.99,17.0666666666667,0
17.0666666666667,1,15.36,17.0666666666667,0
11.5,2,47,17.0666666666667,0
17.0666666666667,1,11.58,17.0666666666667,0
17.0666666666667,1,19.99,17.0666666666667,0
17.0666666666667,1,30.33,17.0666666666667,0
13.6333333333333,6,9.21166666666667,17.0666666666667,0
14.6666666666667,3,14.3,17.0666666666667,0
0.2,4,13.075,17.0666666666667,0
2.06666666666667,5,33.264,17.0666666666667,0
17.0666666666667,1,52.77,17.0666666666667,0
16.9,1,11.77,16.9,0
0.9,3,49.2833333333333,17.0666666666667,0
2.86666666666667,2,18.43,17.0666666666667,0
16.5333333333333,2,33.42,17.0666666666667,0
17.0666666666667,1,15.76,17.0666666666667,0
8.83333333333333,2,44.72,17.0666666666667,0
17.0666666666667,1,14.77,17.0666666666667,0
6.86666666666667,10,22.128,17.0666666666667,1
2.53333333333333,6,22.2516666666667,17.0666666666667,0
7.8,3,193.97,17.0666666666667,0
17.0666666666667,1,11.77,17.0666666666667,0
17.0666666666667,1,4.79,17.0666666666667,0
17.0333333333333,1,37.56,17.0333333333333,0
13.3666666666667,2,64.655,17.0333333333333,0
17.0333333333333,1,13.77,17.0333333333333,0
16.9333333333333,1,11.77,16.9333333333333,0
16.6,1,493.91,16.6,0
17.0333333333333,1,12.77,17.0333333333333,0
17.0333333333333,1,8.77,17.0333333333333,0
17.0333333333333,1,13.97,17.0333333333333,0
2.33333333333333,7,52.4157142857143,17.0333333333333,1
17.0333333333333,1,65.64,17.0333333333333,0
17.0333333333333,1,14.37,17.0333333333333,0
0.866666666666667,4,17.63,17.0333333333333,0
5.9,4,49.5,17,0
17.0333333333333,1,29.92,17.0333333333333,0
17.0333333333333,1,37.47,17.0333333333333,0
15.1666666666667,2,27.35,15.9333333333333,0
0.866666666666667,4,21.32,17.0333333333333,0
3.96666666666667,3,15.2,17.0333333333333,0
17.0333333333333,1,13.97,17.0333333333333,0
10.9333333333333,5,27.826,17.0333333333333,0
17.0333333333333,1,14.37,17.0333333333333,0
1.3,5,20.59,17.0333333333333,0
11.6666666666667,2,24.855,17.0333333333333,0
17.0333333333333,1,29.92,17.0333333333333,0
16.4333333333333,2,16.43,17.0333333333333,0
17.0333333333333,1,39.14,17.0333333333333,0
16.1666666666667,2,13.88,17.0333333333333,0
17,1,15.9,17,0
4.13333333333333,6,25.7766666666667,17,0
17,1,18.36,17,0
15.5666666666667,2,22.815,17,0
1.83333333333333,13,17.5692307692308,17,1
16.7333333333333,2,22.84,17,0
17,1,52.48,17,0
16.4666666666667,2,133.425,17,0
17,1,11.77,17,0
17,1,30.93,17,0
11.4,5,104.344,17,0
0.5,2,14.925,17,0
15.4333333333333,2,12.64,17,0
17,1,19.99,17,0
17,1,77.21,17,0
17,1,40.97,17,0
17,1,13.97,17,0
6.8,3,28.8033333333333,17,0
17,1,18.99,17,0
0.9,12,27.7108333333333,17,1
5.43333333333333,3,26.3266666666667,17,0
5.13333333333333,2,26.915,17,0
3.33333333333333,11,34.4054545454545,17,1
0.1,4,30.2325,17,0
2,9,37.7511111111111,17,0
17,1,9.77,17,0
13.6666666666667,3,16.8233333333333,17,0
17,1,96.29,17,0
12.9333333333333,2,33.75,17,0
17,1,31.52,17,0
9.9,8,39.96875,17,0
17,1,14.96,17,0
5.46666666666667,4,41.8675,17,0
17,1,15.36,17,0
15.8,1,15.36,15.8,0
3.53333333333333,5,15.148,17,0
13.2333333333333,3,35.7,16.9666666666667,0
17,1,113.94,17,0
16.7,1,44.77,16.7,0
8.9,4,24.455,16.9666666666667,0
5.9,2,14.73,16.9666666666667,0
13.8,2,22.77,15.8666666666667,0
16.9666666666667,1,13.97,16.9666666666667,0
1.23333333333333,8,34.61875,16.9666666666667,1
16.9666666666667,1,28.93,16.9666666666667,0
16.9666666666667,1,28.34,16.9666666666667,0
12.3,2,29.43,16.9666666666667,0
15.9333333333333,1,10.77,15.9333333333333,0
16.9666666666667,1,39.98,16.9666666666667,0
6.83333333333333,4,17.7,16.8333333333333,0
0.7,7,71.9171428571429,16.9666666666667,1
16.9666666666667,1,13.97,16.9666666666667,0
16.5,1,72.5,16.5,0
16.9666666666667,1,49.68,16.9666666666667,0
16.9666666666667,1,30.31,16.9666666666667,0
4.2,4,51.97,16.9666666666667,0
12,6,128.138333333333,16.9333333333333,0
16.8666666666667,1,57.9,16.8666666666667,0
16.9666666666667,1,29.73,16.9666666666667,0
16.9666666666667,1,45.68,16.9666666666667,0
16.9666666666667,1,11.77,16.9666666666667,0
16.9666666666667,1,28.76,16.9666666666667,0
16.5666666666667,2,10.78,16.9666666666667,0
1.76666666666667,8,19.62,16.9666666666667,1
16.9666666666667,1,38.77,16.9666666666667,0
15.4333333333333,3,17.0133333333333,16.8333333333333,0
16.9666666666667,1,11.77,16.9666666666667,0
10.7333333333333,2,63.825,16.9666666666667,0
16.9666666666667,1,27.94,16.9666666666667,0
16.0666666666667,2,21.645,16.9666666666667,0
16.9666666666667,1,14.37,16.9666666666667,0
3.6,7,39.7571428571429,16.9333333333333,1
6.96666666666667,2,21.49,16.9333333333333,0
3.23333333333333,11,35.3181818181818,16.2333333333333,1
3.53333333333333,2,14.195,16.9333333333333,0
16.9333333333333,1,32.99,16.9333333333333,0
10.8666666666667,4,36.425,16.9333333333333,0
6.9,2,84.565,16.9,0
16.9333333333333,1,28.74,16.9333333333333,0
0.233333333333333,27,15.142962962963,16.9333333333333,1
1.33333333333333,5,47.922,16.9333333333333,1
16.9333333333333,1,9.97,16.9333333333333,0
16.9333333333333,1,17.7,16.9333333333333,0
11.9333333333333,3,33.4466666666667,16.9333333333333,0
16.9333333333333,1,19.97,16.9333333333333,0
16.9333333333333,1,11.77,16.9333333333333,0
16.9333333333333,1,28.67,16.9333333333333,0
2.5,4,34.05,16.9333333333333,0
16.9333333333333,1,15.96,16.9333333333333,0
16.9333333333333,1,17.99,16.9333333333333,0
8.4,2,17.72,16.9333333333333,0
16.9333333333333,1,43.99,16.9333333333333,0
16.9333333333333,1,11.77,16.9333333333333,0
16.9333333333333,1,153.16,16.9333333333333,0
16.9333333333333,1,12.97,16.9333333333333,0
0.433333333333333,4,22.7375,16.9333333333333,0
12.7,4,14.3175,16.9,0
16.9333333333333,1,14.37,16.9333333333333,0
16.9333333333333,1,17.9,16.9333333333333,0
16.9333333333333,1,20.99,16.9333333333333,0
5.3,8,28.325,16.9333333333333,1
16.9,1,12.49,16.9,0
1.2,19,22.2315789473684,16.8,1
9.13333333333333,2,16.13,16.9,0
16.9,1,9.99,16.9,0
16.7666666666667,2,88.005,16.9,0
16.9,1,50.88,16.9,0
16.9,1,44.7,16.9,0
16.9,1,9.97,16.9,0
16.9,1,15.36,16.9,0
15.5333333333333,1,112.2,15.5333333333333,0
7.63333333333333,7,27.0185714285714,16.9,1
0.666666666666667,5,51.242,16.9,0
16.9,1,61.47,16.9,0
4.16666666666667,4,15.955,16.9,0
16.9,1,28.99,16.9,0
15.9333333333333,3,16.5766666666667,16.8666666666667,0
0.133333333333333,11,42.5563636363636,16.9,1
16.9,1,42.9,16.9,0
5.6,6,54.5533333333333,16.9,1
16.8666666666667,3,54.2166666666667,16.9,0
16.9,1,57.59,16.9,0
16.9,1,9.77,16.9,0
13.8333333333333,4,24.3475,16.9,0
16.9,1,13.97,16.9,0
16.9,1,86.6,16.9,0
16.9,1,27.94,16.9,0
16.9,1,20.99,16.9,0
16.8666666666667,1,21.76,16.8666666666667,0
6.66666666666667,3,12.41,16,0
16.8666666666667,1,27.73,16.8666666666667,0
16.8666666666667,1,15.36,16.8666666666667,0
2.96666666666667,4,15.24,16.8666666666667,0
12.3666666666667,4,18.805,16.8666666666667,0
16.7666666666667,1,50.76,16.7666666666667,0
16.8666666666667,1,15.36,16.8666666666667,0
16.8666666666667,1,22.74,16.8666666666667,0
16.8666666666667,1,40.7,16.8666666666667,0
16.8666666666667,1,0,16.8666666666667,0
7.83333333333333,4,30.165,16.1333333333333,0
1.5,17,95.5905882352941,16.8666666666667,1
16.8666666666667,1,13.97,16.8666666666667,0
16.8666666666667,1,13.97,16.8666666666667,0
16.3333333333333,3,36.1466666666667,16.8666666666667,0
16.8666666666667,1,27.3,16.8666666666667,0
3.83333333333333,5,75.622,16.4333333333333,1
12.4333333333333,2,18.485,16.8666666666667,0
16.8666666666667,1,26.98,16.8666666666667,0
3.66666666666667,17,55.3223529411765,16.8666666666667,1
3.93333333333333,3,14.4466666666667,16.8333333333333,0
16.8666666666667,1,11.77,16.8666666666667,0
16.8666666666667,1,12.97,16.8666666666667,0
12.4333333333333,2,11.975,16.8666666666667,0
16.8666666666667,1,12.49,16.8666666666667,0
14.0666666666667,4,23.1675,16.8666666666667,0
16.8666666666667,1,12.49,16.8666666666667,0
10.3333333333333,3,27.5933333333333,16.8666666666667,0
16.8333333333333,1,6.79,16.8333333333333,0
16.8666666666667,1,37.71,16.8666666666667,0
16.4,2,22.45,16.8666666666667,0
16.8666666666667,1,15.54,16.8666666666667,0
11.0333333333333,5,15.494,16.8666666666667,0
1.73333333333333,4,191.6425,16.8333333333333,0
16.8333333333333,1,50.5,16.8333333333333,0
16.8333333333333,1,33.31,16.8333333333333,0
16.8333333333333,1,38.33,16.8333333333333,0
14.8333333333333,2,66.945,16.8333333333333,0
3.23333333333333,5,16.488,16.8333333333333,0
16.8333333333333,1,12.97,16.8333333333333,0
16.8333333333333,1,26.53,16.8333333333333,0
2,4,13.3225,16.8333333333333,0
16.6333333333333,2,56.68,16.8333333333333,0
1,11,23.9536363636364,16.8333333333333,1
16.8333333333333,1,15.96,16.8333333333333,0
16.8333333333333,1,16.7,16.8333333333333,0
16.8,1,11.78,16.8,0
0.566666666666667,7,34.8514285714286,16.7333333333333,0
0.666666666666667,9,40.4722222222222,16.8333333333333,1
16.8333333333333,1,33.94,16.8333333333333,0
16.8333333333333,1,15.96,16.8333333333333,0
16.5333333333333,2,52.975,16.8333333333333,0
16.8333333333333,1,13.97,16.8333333333333,0
2.83333333333333,7,41.5157142857143,16.8333333333333,0
16.8333333333333,1,25.74,16.8333333333333,0
16.4,1,15.36,16.4,0
16.2666666666667,2,12.87,16.8333333333333,0
14.5666666666667,4,52.195,16.8333333333333,0
5,16,42.883125,16.8333333333333,1
3.13333333333333,4,47.2325,16.8333333333333,0
16.8333333333333,1,23.09,16.8333333333333,0
1.1,13,34.6292307692308,16.8333333333333,1
16.8333333333333,1,15.96,16.8333333333333,0
16.8333333333333,1,44.98,16.8333333333333,0
16.8333333333333,1,25.74,16.8333333333333,0
0.466666666666667,19,47.0152631578947,16.8,1
6.6,6,58.8383333333333,16.8,0
16.8,1,14.96,16.8,0
4.7,8,24.0975,16.7333333333333,1
12.4,2,29.455,16.8,0
7.8,2,43.72,16.8,0
16.6333333333333,2,21.15,16.8,0
16.8,1,11.99,16.8,0
16.8,1,39.7,16.8,0
16.8,1,75.97,16.8,0
16.8,1,11.77,16.8,0
14.8,4,18.4375,16.8,0
16.8,1,19.54,16.8,0
16.8,1,16.36,16.8,0
16.8,1,9.77,16.8,0
16.8,1,29.99,16.8,0
16.8,1,42.77,16.8,0
13.9666666666667,2,97.625,16.8,0
16.8,1,24.98,16.8,0
16.6666666666667,2,22.645,16.8,0
16.8,1,9.77,16.8,0
16.8,1,9.97,16.8,0
16.8,1,14.37,16.8,0
5.3,11,37.4972727272727,16.7666666666667,1
16.7666666666667,1,19.99,16.7666666666667,0
16.7666666666667,1,32.72,16.7666666666667,0
16.7666666666667,1,49.99,16.7666666666667,0
12.6333333333333,2,35.225,15.4666666666667,0
0.566666666666667,6,30.4333333333333,16.7666666666667,1
16.7666666666667,1,77.42,16.7666666666667,0
0.233333333333333,17,30.6617647058824,16.7666666666667,0
3.16666666666667,2,16.975,16.7666666666667,0
5.8,3,11.0766666666667,16.7666666666667,0
16.7666666666667,1,15.96,16.7666666666667,0
16.1333333333333,2,53.245,16.7666666666667,0
16.7666666666667,1,12.97,16.7666666666667,0
15.3666666666667,4,14.095,16.7666666666667,0
16.7666666666667,1,28.74,16.7666666666667,0
16.7666666666667,1,12.49,16.7666666666667,0
5.86666666666667,7,78.3785714285714,16.0666666666667,0
16.7666666666667,1,59.28,16.7666666666667,0
16.7666666666667,1,10.97,16.7666666666667,0
16.7666666666667,1,5.78,16.7666666666667,0
14.7,2,30.1,16.7666666666667,0
16.7666666666667,1,13.97,16.7666666666667,0
0.6,3,26.8066666666667,16.7666666666667,0
0.566666666666667,14,35.6471428571429,16.7666666666667,1
16.7666666666667,2,11.38,16.7666666666667,0
9.7,2,32.85,16.7333333333333,0
16.7333333333333,1,14.37,16.7333333333333,0
1.53333333333333,9,27.8122222222222,16.7333333333333,1
6.6,3,25.4033333333333,16.7333333333333,0
0.9,5,29.258,16.7333333333333,0
16.5333333333333,2,42.305,16.7333333333333,0
16.3333333333333,1,64.74,16.3333333333333,0
16.7333333333333,1,21.95,16.7333333333333,0
16.7333333333333,1,15.36,16.7333333333333,0
16.4666666666667,3,45.6733333333333,16.7333333333333,0
2.1,10,19.225,16.6666666666667,1
0.733333333333333,4,15.0025,16.7333333333333,0
16.7333333333333,1,0,16.7333333333333,0
16.6,1,23.94,16.6,0
16.7333333333333,1,15.96,16.7333333333333,0
16.7333333333333,1,41.54,16.7333333333333,0
16.6666666666667,1,52.87,16.6666666666667,0
16.6,2,24.74,16.7333333333333,0
8.9,10,25.486,16.7333333333333,0
16.7333333333333,1,25.94,16.7333333333333,0
0.7,17,35.8129411764706,16.7333333333333,1
16.7333333333333,1,14.99,16.7333333333333,0
0.166666666666667,47,32.7187234042553,16.7333333333333,1
16.7333333333333,1,14.96,16.7333333333333,0
16.7333333333333,1,34.97,16.7333333333333,0
16.7333333333333,1,26.57,16.7333333333333,0
16.6666666666667,2,52.17,16.7333333333333,0
16.7,1,67.51,16.7,0
4.33333333333333,7,16.1057142857143,16.6666666666667,1
16.7,1,25.74,16.7,0
8.13333333333333,2,38.35,16.7,0
3.93333333333333,3,53.0933333333333,16.7,0
16.7,1,35.31,16.7,0
16.7,1,49.99,16.7,0
4.3,2,20.165,16.7,0
16.7,1,101.11,16.7,0
15.2666666666667,2,21.475,16.7,0
16.7,1,14.37,16.7,0
16.7,1,14.37,16.7,0
1.13333333333333,3,51.9366666666667,16.7,0
16.6666666666667,1,86.52,16.6666666666667,0
16.5666666666667,2,20.615,16.5666666666667,0
8.66666666666667,2,16.24,16.7,0
16.7,1,29.73,16.7,0
16.1,1,15.56,16.1,0
16.7,1,3.99,16.7,0
16.7,1,12.97,16.7,0
16.7,1,37.51,16.7,0
0.4,4,35.85,16.7,0
1.1,7,31.2585714285714,16.7,1
16.7,1,11.77,16.7,0
16.7,1,15.76,16.7,0
2.8,14,51.4228571428571,16.6666666666667,1
16.6666666666667,1,14.37,16.6666666666667,0
16.6,2,18.755,16.6333333333333,0
16.4666666666667,2,23.04,16.6666666666667,0
16.6666666666667,1,24.9,16.6666666666667,0
1.33333333333333,5,45.038,16.6666666666667,0
13.6,3,48.42,16.6666666666667,0
16.6666666666667,1,12.77,16.6666666666667,0
3.83333333333333,2,30.735,16.6666666666667,0
13.9333333333333,2,27.335,16.3666666666667,0
0.5,22,19.1922727272727,16.6666666666667,1
16.6666666666667,1,32.37,16.6666666666667,0
16.3666666666667,2,39.825,16.6666666666667,0
2.36666666666667,15,26.174,16.6666666666667,1
16.6666666666667,1,51.67,16.6666666666667,0
15.8333333333333,2,14.065,16.6666666666667,0
1.3,2,81.125,16.6666666666667,0
14.8333333333333,2,30.025,16.6666666666667,0
16.6666666666667,1,28.76,16.6666666666667,0
16.6666666666667,1,11.77,16.6666666666667,0
7.83333333333333,6,43.7216666666667,16.6666666666667,1
16.6666666666667,1,36.31,16.6666666666667,0
16.6666666666667,1,17.97,16.6666666666667,0
0.7,5,33.146,16.6666666666667,0
16.6666666666667,2,10.88,16.6666666666667,0
16.6666666666667,1,10.77,16.6666666666667,0
13.3333333333333,4,66.7725,16.6666666666667,0
0.7,8,74.64125,16.6666666666667,1
16.6666666666667,1,11.77,16.6666666666667,0
12.0333333333333,2,14.28,16.6666666666667,0
15.8666666666667,2,25.95,16.4,0
10.8333333333333,7,70.0142857142857,16.6666666666667,0
16.6666666666667,1,15.36,16.6666666666667,0
2.76666666666667,6,15.695,16.6666666666667,1
16.6333333333333,1,33.4,16.6333333333333,0
15.9666666666667,2,16.36,16.6333333333333,0
16.4666666666667,2,14.465,16.6333333333333,0
16.6333333333333,1,40.09,16.6333333333333,0
3.63333333333333,8,18.7875,16.6333333333333,0
5.26666666666667,3,12.6833333333333,16.3333333333333,0
4.56666666666667,5,37.692,16.6333333333333,1
16.6333333333333,1,26.56,16.6333333333333,0
16.6333333333333,1,13.97,16.6333333333333,0
16.6333333333333,1,89.74,16.6333333333333,0
16.0666666666667,3,41.5133333333333,16.6333333333333,0
14.9333333333333,2,18.99,16.6333333333333,0
12.9333333333333,2,29.1,16.6333333333333,0
8.7,2,15.23,16.6333333333333,0
16.6333333333333,1,14.79,16.6333333333333,0
11.1666666666667,2,19.855,16.0333333333333,0
16.6333333333333,1,11.77,16.6333333333333,0
16.6,1,140.93,16.6,0
11.5666666666667,3,40.48,16.6,0
16.6333333333333,1,15.96,16.6333333333333,0
16.3,4,27.21,16.6333333333333,0
14.7,3,14.43,16.6333333333333,0
16.6333333333333,1,44.69,16.6333333333333,0
12.1666666666667,4,17.4775,16.6333333333333,0
16.6333333333333,1,31.72,16.6333333333333,0
1.03333333333333,2,33.345,16.6333333333333,0
15.1666666666667,2,43.17,16.6333333333333,0
0.266666666666667,18,54.1755555555556,16.6333333333333,1
16.6333333333333,1,14.79,16.6333333333333,0
0.4,24,26.7920833333333,16.6333333333333,1
16.6333333333333,1,0,16.6333333333333,0
15.2666666666667,2,16.72,16.6333333333333,0
4.56666666666667,3,49.8433333333333,16.6333333333333,0
0.366666666666667,8,45.825,16.6333333333333,1
6.56666666666667,3,20.3366666666667,16.6333333333333,0
4.1,7,28.8471428571429,16.6333333333333,1
16.6333333333333,1,145.74,16.6333333333333,0
16.5333333333333,1,28.93,16.5333333333333,0
9.26666666666667,5,29.624,16.6333333333333,0
16.6,1,16.76,16.6,0
9.66666666666667,2,32.455,16.6,0
16.6,1,106.18,16.6,0
12.4,2,15.66,16.6,0
14.7333333333333,3,130.116666666667,16.6,0
16.6,1,126.37,16.6,0
16.6,1,50.97,16.6,0
1.73333333333333,3,13.8266666666667,16.6,0
16.6,1,20.55,16.6,0
16.6,1,41.9,16.6,0
0.9,5,35.902,16.6,0
14.4666666666667,2,44.585,16.6,0
16.6,1,36.73,16.6,0
16.6,1,32.72,16.6,0
15.1333333333333,4,21.4475,16.6,0
16.6,1,29.98,16.6,0
15.7,1,19.56,15.7,0
16.6,1,13.97,16.6,0
16.6,1,29.27,16.6,0
16.6,1,86.11,16.6,0
16.6,1,29.98,16.6,0
16.6,1,35.77,16.6,0
0.266666666666667,3,20.5033333333333,16.6,0
0.466666666666667,6,21.2333333333333,16.6,1
2.03333333333333,8,32.36,16.6,1
5.2,5,33.7,16.6,1
16.6,1,24.99,16.6,0
2.5,4,60.575,16.4,0
16.6,1,11.77,16.6,0
16.6,1,5.78,16.6,0
15.5333333333333,2,15.3,16.6,0
16.5666666666667,1,15.36,16.5666666666667,0
7.66666666666667,6,23.6983333333333,16.5666666666667,1
16.5666666666667,1,29.58,16.5666666666667,0
16.2,2,27.94,16.5666666666667,0
15.8,4,18.96,16.5666666666667,0
16.4,1,42.49,16.4,0
16.5666666666667,1,11.77,16.5666666666667,0
16.5666666666667,1,19.99,16.5666666666667,0
5.36666666666667,3,50.3833333333333,16.5666666666667,0
16.5666666666667,1,26.14,16.5666666666667,0
16.5666666666667,1,12.79,16.5666666666667,0
16.5666666666667,1,13.97,16.5666666666667,0
4.83333333333333,8,26.5225,16.5666666666667,0
0.733333333333333,4,55.8275,16.5666666666667,0
16.5666666666667,1,20.97,16.5666666666667,0
16.3333333333333,2,21.925,16.5666666666667,0
0.5,6,30.4116666666667,16.5666666666667,1
13.9666666666667,3,27.78,16.5666666666667,0
9.06666666666667,2,26.97,16.5666666666667,0
0.7,6,21.6983333333333,16.5666666666667,1
3.16666666666667,3,84.45,16.5666666666667,0
16.3333333333333,1,65.04,16.3333333333333,0
7.66666666666667,2,13.425,16.5666666666667,0
16.5666666666667,1,26,16.5666666666667,0
1.26666666666667,8,30.56,16.5666666666667,1
16.5666666666667,1,14.79,16.5666666666667,0
9.43333333333333,2,12.38,16.5666666666667,0
16.5666666666667,1,37.97,16.5666666666667,0
12.0666666666667,2,13.07,16.5666666666667,0
16.5666666666667,1,14.37,16.5666666666667,0
15.6,2,20.99,16.3,0
16.5333333333333,1,13.97,16.5333333333333,0
4.86666666666667,6,44.6733333333333,16.5333333333333,0
16.5333333333333,1,15.96,16.5333333333333,0
11.0666666666667,3,15.96,16.5333333333333,0
16.2666666666667,2,21.65,16.5,0
16.5333333333333,1,16.7,16.5333333333333,0
0.633333333333333,13,33.2315384615385,16.5333333333333,1
16.5333333333333,1,15.36,16.5333333333333,0
16.5333333333333,1,27.71,16.5333333333333,0
15.3,2,28.14,16.5333333333333,0
16.5333333333333,1,13.97,16.5333333333333,0
16.5333333333333,1,27.99,16.5333333333333,0
11.1666666666667,2,10.34,16.5333333333333,0
2.96666666666667,8,83.4525,16.4,1
16.5333333333333,1,33.8,16.5333333333333,0
16.5333333333333,1,81.96,16.5333333333333,0
2.56666666666667,4,23.4525,16.5333333333333,0
7.76666666666667,2,14.24,16.5333333333333,0
16.5333333333333,1,10.99,16.5333333333333,0
1.23333333333333,4,45.235,15.9666666666667,0
16.5333333333333,1,58.28,16.5333333333333,0
16.5333333333333,1,11.77,16.5333333333333,0
16.5333333333333,1,15.76,16.5333333333333,0
0.133333333333333,9,47.2733333333333,16.5333333333333,1
1.06666666666667,5,28.556,16.5333333333333,1
16.5333333333333,1,16.99,16.5333333333333,0
11.1666666666667,6,22.9216666666667,16.5,0
16.5,1,24.37,16.5,0
16.5,1,12.49,16.5,0
15.1333333333333,3,44.2533333333333,16.3333333333333,0
16.5,1,35.31,16.5,0
14.7333333333333,2,80.77,16.5,0
16.5,1,28.34,16.5,0
0.9,4,29.5025,16.5,0
16.5,1,11.77,16.5,0
14.6333333333333,2,21.65,16.5,0
16.5,1,15.96,16.5,0
14.9666666666667,2,22.84,16.5,0
16.5,1,14.99,16.5,0
16.5,1,12.49,16.5,0
16.5,1,14.79,16.5,0
16.5,1,35.99,16.5,0
1.3,7,27.9442857142857,16.3333333333333,1
16.3,2,21.67,16.5,0
6.7,7,14.1657142857143,16.5,1
16.5,1,14.99,16.5,0
16.5,1,11.77,16.5,0
13.2333333333333,3,15.2366666666667,16.5,0
16.5,1,9.98,16.5,0
3.83333333333333,21,20.3042857142857,16.5,1
4.8,9,84.1988888888889,16.5,1
16.4666666666667,1,12.77,16.4666666666667,0
16.4666666666667,1,29.98,16.4666666666667,0
16.4666666666667,1,12.49,16.4666666666667,0
0.766666666666667,5,42.646,16.4666666666667,0
16.4666666666667,1,14.37,16.4666666666667,0
16.4666666666667,1,17.76,16.4666666666667,0
6.93333333333333,6,17.125,16.4666666666667,0
16.4666666666667,1,41.1,16.4666666666667,0
3.4,2,16.715,16.4666666666667,0
11.9333333333333,3,14.6766666666667,16.4,0
1.7,4,30.62,16.4666666666667,0
16.2666666666667,1,28.52,16.2666666666667,0
16.4666666666667,2,11.77,16.4666666666667,0
12.1,4,29.305,16.4666666666667,0
16.4666666666667,1,100.59,16.4666666666667,0
15,3,17.58,16.4666666666667,0
16.4666666666667,1,22.7,16.4666666666667,0
7.26666666666667,3,23.2266666666667,16.2,0
16.4666666666667,1,18.54,16.4666666666667,0
3.86666666666667,4,35.63,16.4666666666667,0
16.4,1,29.92,16.4,0
7.3,3,13.9033333333333,16.4666666666667,0
4.93333333333333,9,26.81,16.4666666666667,0
4.76666666666667,3,16.5733333333333,16.4666666666667,0
12.2333333333333,7,38.8742857142857,16.4666666666667,0
0.666666666666667,3,38.9733333333333,16.4666666666667,0
7.16666666666667,4,29.18,16.4666666666667,0
14.7333333333333,3,22.71,16.4666666666667,0
2.03333333333333,3,40.4666666666667,16.4666666666667,0
16.4666666666667,1,38.34,16.4666666666667,0
0.3,5,30.11,16.4666666666667,1
0.933333333333333,3,50.0266666666667,16.4666666666667,0
0.833333333333333,7,18.0542857142857,16.1666666666667,1
16.4666666666667,1,33.14,16.4666666666667,0
11.4666666666667,3,34.1166666666667,16.4666666666667,0
8.96666666666667,4,19.5575,16.4666666666667,0
16.4666666666667,1,42.9,16.4666666666667,0
16.4333333333333,1,42.13,16.4333333333333,0
11.5333333333333,3,26.6066666666667,16.4333333333333,0
16.4333333333333,1,21.54,16.4333333333333,0
16.4333333333333,1,10.77,16.4333333333333,0
7.2,5,23.572,16.4333333333333,0
2.76666666666667,2,30.455,16.4333333333333,0
16.4333333333333,1,25.34,16.4333333333333,0
16.4333333333333,1,11.77,16.4333333333333,0
16.4333333333333,1,17.76,16.4333333333333,0
16.4333333333333,1,11.77,16.4333333333333,0
16.4333333333333,1,506.97,16.4333333333333,0
2.66666666666667,3,8.35333333333333,16.4333333333333,0
6.8,8,26.765,16.4333333333333,0
4.36666666666667,2,18.305,16,0
16.4333333333333,1,19.99,16.4333333333333,0
3.73333333333333,6,31.9383333333333,16.4333333333333,0
16.4333333333333,1,6.79,16.4333333333333,0
3.13333333333333,4,26.1125,16.4333333333333,0
16.4333333333333,1,29.73,16.4333333333333,0
16.4333333333333,1,10.78,16.4333333333333,0
3.76666666666667,13,25.2184615384615,16.1,1
1.93333333333333,9,129.525555555556,16.4333333333333,1
16.3666666666667,1,13.97,16.3666666666667,0
16.4333333333333,1,11.77,16.4333333333333,0
2.26666666666667,4,77.86,16.4333333333333,0
0.166666666666667,2,30.45,16.4333333333333,0
16.4,1,51.43,16.4,0
0.933333333333333,4,21.495,16.4,0
16.4,1,38.99,16.4,0
16.4,1,12.97,16.4,0
16.4,1,30.72,16.4,0
16.4,1,43.35,16.4,0
16.1666666666667,1,29.92,16.1666666666667,0
16.4,1,13.97,16.4,0
16.4,1,27.94,16.4,0
10.3,2,33.62,16.4,0
15.2333333333333,3,27.8133333333333,16.4,0
16.4,1,15.36,16.4,0
1.73333333333333,3,16.08,16.4,0
16.4,1,19.77,16.4,0
16.4,1,61.25,16.4,0
11.2333333333333,4,35.0725,16.4,0
0.666666666666667,3,19.3133333333333,16.4,0
11.2666666666667,5,22.746,16.4,0
16.4,1,32.32,16.4,0
15.9333333333333,2,17.47,16.4,0
16.4,1,19.99,16.4,0
16.4,1,12.79,16.4,0
0.1,10,66.956,16.4,1
15.6666666666667,2,42.29,16.4,0
16.4,1,56.29,16.4,0
3.1,5,72.714,16.4,1
15.8333333333333,1,50.73,15.8333333333333,0
3.06666666666667,2,47.35,16.3666666666667,0
16.4,1,5.78,16.4,0
15.4666666666667,3,14.5666666666667,16.4,0
16.3666666666667,2,18.63,16.3666666666667,0
11.1666666666667,2,23.44,16.3,0
1.1,8,80.96875,16.3666666666667,1
16.3666666666667,1,12.77,16.3666666666667,0
1.1,2,39.725,16.3666666666667,0
16.3666666666667,1,14.96,16.3666666666667,0
0.7,46,32.1763043478261,16.3666666666667,1
9.23333333333333,2,20.81,16.3666666666667,0
8.9,9,42.7144444444444,16.3666666666667,0
16.3666666666667,1,11.58,16.3666666666667,0
16.3666666666667,1,14.37,16.3666666666667,0
14.4333333333333,2,20.785,16.3666666666667,0
16.3666666666667,1,59.69,16.3666666666667,0
16.3666666666667,1,14.96,16.3666666666667,0
16.3666666666667,1,36.37,16.3666666666667,0
3.86666666666667,5,22.538,16.3666666666667,0
16.3666666666667,1,11.77,16.3666666666667,0
8.4,2,13.68,16.3666666666667,0
16.3666666666667,1,11.77,16.3666666666667,0
7.73333333333333,2,48.615,15.6333333333333,0
16,4,45.6025,16.3666666666667,0
16.3666666666667,1,14.37,16.3666666666667,0
16.3,1,17.88,16.3,0
16.3666666666667,1,27.13,16.3666666666667,0
12.3,2,19.355,16.3666666666667,0
0.133333333333333,7,28.1528571428571,16.3666666666667,1
16.3666666666667,1,11.99,16.3666666666667,0
9.53333333333333,3,14.08,16.3666666666667,0
16.3666666666667,1,9.77,16.3666666666667,0
16.3666666666667,1,30.99,16.3666666666667,0
16.3666666666667,1,37.47,16.3666666666667,0
16.3333333333333,1,17,16.3333333333333,0
15.7,2,13.365,16.3333333333333,0
9.5,7,72.6314285714286,16.3333333333333,0
16.3333333333333,2,18.385,16.3333333333333,0
7.73333333333333,2,24.87,16.3333333333333,0
16.3,2,27.235,16.3333333333333,0
15.4,2,58.39,16.3,0
1.5,7,16.3085714285714,16.3333333333333,1
2.8,3,15.44,16.3333333333333,0
16.3333333333333,1,14.96,16.3333333333333,0
3.8,2,11.13,16.3333333333333,0
7.4,2,16.725,16.3333333333333,0
16.3333333333333,1,9.98,16.3333333333333,0
2.53333333333333,15,43.0786666666667,16.3,1
2.86666666666667,5,26.93,16.3333333333333,0
15.8,2,11.87,16.3333333333333,0
16.3333333333333,1,17.36,16.3333333333333,0
0.266666666666667,14,110.591428571429,16.3333333333333,1
14.6333333333333,4,86.015,16.1,0
16.3333333333333,1,15.36,16.3333333333333,0
16.3333333333333,1,5.96,16.3333333333333,0
16.3333333333333,1,21.97,16.3333333333333,0
16.3333333333333,1,14.96,16.3333333333333,0
16.3333333333333,1,5.78,16.3333333333333,0
16.3333333333333,1,13.97,16.3333333333333,0
8.2,5,19.782,16.3333333333333,0
16.3333333333333,1,55.97,16.3333333333333,0
15.0666666666667,2,41.92,16.3333333333333,0
16.3333333333333,1,11.77,16.3333333333333,0
16.3333333333333,1,15.36,16.3333333333333,0
4.43333333333333,7,23.47,16.3333333333333,1
5.43333333333333,3,24.0733333333333,16.3333333333333,0
16.0666666666667,2,14.37,16.3333333333333,0
16.3,1,13.97,16.3,0
16.3,1,17.9,16.3,0
6.93333333333333,5,25.682,16.3,1
7.1,2,51.47,16.3,0
16.3,1,26.74,16.3,0
16.3,1,29.13,16.3,0
16.3,1,46.68,16.3,0
14.5333333333333,2,32.625,16.3,0
16.3,1,13.97,16.3,0
16.3,1,13.97,16.3,0
16.3,1,15.96,16.3,0
16.3,1,10.78,16.3,0
15.8333333333333,2,9.97,16.3,0
15.9333333333333,1,15.36,15.9333333333333,0
16.3,1,40.11,16.3,0
15.3666666666667,3,24.7366666666667,16.3,0
6.86666666666667,2,32.865,16.3,0
1.7,7,61.1557142857143,16.3,1
10.4666666666667,2,125.59,16.3,0
16.3,1,12.49,16.3,0
12.1666666666667,4,21.225,16.2666666666667,0
16.3,1,31.05,16.3,0
12.2666666666667,4,28.0875,15.8,0
14.8666666666667,3,14.4333333333333,16.2666666666667,0
2.56666666666667,2,18.32,16.3,0
16.3,1,20.54,16.3,0
16.3,1,13.97,16.3,0
16.3,1,24.13,16.3,0
11.3,3,81.6866666666667,16.3,0
16.3,1,10.77,16.3,0
0.333333333333333,3,19.1333333333333,16.3,0
2.93333333333333,5,16.36,16.3,0
16.2666666666667,1,50.68,16.2666666666667,0
9.8,4,109.8025,16.2666666666667,0
2.06666666666667,10,42.556,16.2666666666667,1
16.2666666666667,1,100.34,16.2666666666667,0
4.76666666666667,3,20.9433333333333,16.2666666666667,0
16.2666666666667,1,80.31,16.2666666666667,0
16.2666666666667,1,19.96,16.2666666666667,0
15.8666666666667,2,11.27,16.2666666666667,0
0.733333333333333,4,22.5725,16.2666666666667,0
16.2666666666667,1,37.51,16.2666666666667,0
1.66666666666667,7,27.9557142857143,16.2666666666667,0
16.2666666666667,1,49.7,16.2666666666667,0
16.2666666666667,1,35.78,16.2666666666667,0
1.06666666666667,5,28.616,16.1,0
6.3,3,31.5333333333333,16.2666666666667,0
16.2666666666667,1,52.27,16.2666666666667,0
1,16,34.251875,16.2666666666667,1
9.7,2,37.405,16.2666666666667,0
7.93333333333333,4,31.7125,16.2666666666667,0
14.9333333333333,2,9.24,16.2666666666667,0
16.2,1,46.28,16.2,0
16.2666666666667,1,11.77,16.2666666666667,0
0.666666666666667,15,24.2326666666667,16.2666666666667,1
16.2666666666667,1,23.74,16.2666666666667,0
16.2666666666667,1,55.65,16.2666666666667,0
16.2666666666667,1,7.98,16.2666666666667,0
16.2666666666667,1,13.97,16.2666666666667,0
16.2666666666667,1,10.77,16.2666666666667,0
16.2333333333333,1,18.36,16.2333333333333,0
16.2333333333333,1,37.31,16.2333333333333,0
16.2333333333333,1,83.2,16.2333333333333,0
12.2,2,23.315,16.2333333333333,0
1.86666666666667,2,16.395,16.2333333333333,0
15.4666666666667,2,37.625,16.2333333333333,0
4.43333333333333,2,34.25,16.2333333333333,0
5.03333333333333,5,29.83,16.2333333333333,0
16.2333333333333,1,33.27,16.2333333333333,0
16.2333333333333,1,25.54,16.2333333333333,0
16.2333333333333,1,12.49,16.2333333333333,0
10.5333333333333,3,11.3,16.2333333333333,0
16.1333333333333,1,58.65,16.1333333333333,0
7.53333333333333,7,21.5414285714286,16.2333333333333,1
16.2333333333333,1,20.97,16.2333333333333,0
16.2333333333333,1,15.76,16.2333333333333,0
15.7333333333333,1,0,15.7333333333333,0
16.2333333333333,1,97.21,16.2333333333333,0
16.2333333333333,1,15.36,16.2333333333333,0
11.6666666666667,3,40.5966666666667,16.2333333333333,0
16.2333333333333,1,21.99,16.2333333333333,0
16.2333333333333,1,35.34,16.2333333333333,0
16.2333333333333,1,22.74,16.2333333333333,0
3.33333333333333,6,34.3033333333333,16.2333333333333,0
16.2333333333333,1,12.49,16.2333333333333,0
1.7,4,23.56,16.2333333333333,0
16.2,1,63.69,16.2,0
0.4,8,24.7725,16.2,1
3.56666666666667,6,32.4283333333333,16.2,1
4.63333333333333,2,180.575,16.2,0
15.9666666666667,1,42.34,15.9666666666667,0
1.9,10,50.648,16.2,1
6.46666666666667,2,14.18,16.2,0
0.966666666666667,3,40.5133333333333,16.2,0
16.2,1,14.99,16.2,0
10.4666666666667,2,21.555,16.2,0
16.2,1,60.94,16.2,0
16.2,1,14.37,16.2,0
16.2,1,82.61,16.2,0
0.566666666666667,13,85.2169230769231,16.2,1
14.2666666666667,2,17.655,16.2,0
6.5,5,12.432,16.2,0
16.2,1,22.96,16.2,0
1.03333333333333,5,24.8,16.2,0
15.7666666666667,2,46.48,16.2,0
16.2,1,30.32,16.2,0
1.36666666666667,6,42.65,16.2,1
16.2,1,14.99,16.2,0
16.2,1,53.32,16.2,0
16.2,1,14.79,16.2,0
11.0666666666667,2,27.84,16.2,0
6,2,61.865,16.2,0
16.1666666666667,1,22.3,16.1666666666667,0
6.63333333333333,4,34.96,16.2,0
16.2,1,40.53,16.2,0
16.2,1,32.48,16.2,0
7.26666666666667,2,17.225,16.2,0
9.16666666666667,6,21.7483333333333,16.1666666666667,0
16.1666666666667,1,14.37,16.1666666666667,0
15.7,3,22,16.1666666666667,0
16.1666666666667,1,11.77,16.1666666666667,0
16.1666666666667,1,12.49,16.1666666666667,0
16.1666666666667,1,30.78,16.1666666666667,0
16.1666666666667,1,14.37,16.1666666666667,0
16.1666666666667,1,14.37,16.1666666666667,0
15.8666666666667,2,5.78,16.1666666666667,0
12.4,2,13.865,16.1666666666667,0
16.1666666666667,1,12.77,16.1666666666667,0
16.1666666666667,1,77.24,16.1666666666667,0
0.2,24,33.12625,16.1666666666667,1
14.1,3,32.41,16.1666666666667,0
16.1666666666667,1,12.49,16.1666666666667,0
16.1333333333333,1,15.96,16.1333333333333,0
14.7,2,60.28,16.1666666666667,0
4.86666666666667,3,71.2033333333333,16.1666666666667,0
16.1666666666667,1,46.04,16.1666666666667,0
16.1666666666667,1,10.97,16.1666666666667,0
16.1666666666667,1,17.9,16.1666666666667,0
11.0666666666667,2,41.105,16.1666666666667,0
1.83333333333333,4,32.7,16.1666666666667,0
1.3,9,20.0933333333333,16.1666666666667,1
16.1666666666667,1,15.36,16.1666666666667,0
16.1666666666667,1,6.79,16.1666666666667,0
3,3,16.49,16,0
16.1666666666667,1,9.77,16.1666666666667,0
16.1333333333333,1,13.97,16.1333333333333,0
16.1333333333333,1,23.48,16.1333333333333,0
1.73333333333333,6,52.74,16.1333333333333,0
16.1333333333333,1,48.37,16.1333333333333,0
16.1333333333333,1,14.96,16.1333333333333,0
16.1333333333333,1,29.27,16.1333333333333,0
4.36666666666667,4,23.6975,16.1333333333333,0
14.9666666666667,4,30.5225,15.9,0
16.1333333333333,1,26.14,16.1333333333333,0
16.1333333333333,1,13.97,16.1333333333333,0
16.1333333333333,1,16.36,16.1333333333333,0
16.1333333333333,1,15.96,16.1333333333333,0
0.733333333333333,7,22.2614285714286,16.1333333333333,1
16.1333333333333,1,26.73,16.1333333333333,0
6.56666666666667,8,18.57875,16.1333333333333,1
16.1333333333333,1,52.28,16.1333333333333,0
0.433333333333333,7,31.7257142857143,16.1333333333333,1
1.56666666666667,7,27.2485714285714,16.1333333333333,1
16.1333333333333,1,29.97,16.1333333333333,0
12.4,4,11.065,16.1333333333333,0
3.53333333333333,6,45.19,16.1333333333333,1
15.6666666666667,1,18.77,15.6666666666667,0
16.1333333333333,1,13.77,16.1333333333333,0
16.1333333333333,1,4.79,16.1333333333333,0
16.1333333333333,1,19.97,16.1333333333333,0
3.36666666666667,4,18.45,16.1,0
0.7,4,16.6775,15.9666666666667,0
16.1333333333333,1,11.77,16.1333333333333,0
16.1333333333333,1,19.99,16.1333333333333,0
15.9,1,9.58,15.9,0
1.5,7,30.0614285714286,16.1333333333333,0
16.1333333333333,1,14.9,16.1333333333333,0
16.1,1,30.15,16.1,0
16.1,1,11.97,16.1,0
0.9,6,32.6316666666667,16.1,1
12.1666666666667,3,18.6266666666667,16.1,0
3.33333333333333,10,26.747,16.1,1
15.4666666666667,1,35.95,15.4666666666667,0
3.9,2,15.24,16.1,0
1,10,17.61,16.1,1
8.83333333333333,3,13.5733333333333,16.1,0
0.9,17,18.6558823529412,16.1,1
2.06666666666667,12,32.8575,15.5666666666667,1
16.1,1,35.35,16.1,0
10.0666666666667,2,21.14,15.9333333333333,0
0.766666666666667,4,16.72,16.1,0
16.0333333333333,1,13.97,16.0333333333333,0
12.5333333333333,3,23.16,16.1,0
16.1,1,37.97,16.1,0
1.93333333333333,7,80.4628571428571,16.1,1
16.1,1,14.49,16.1,0
16.1,1,17.74,16.1,0
16.1,1,14.37,16.1,0
0.966666666666667,4,27.385,16.1,0
16.1,1,38.9,16.1,0
12.8333333333333,2,59.955,16.1,0
16.1,1,11.77,16.1,0
16.1,1,12.77,16.1,0
0.7,10,10.244,16.1,0
16.1,1,41.7,16.1,0
16.1,1,11.77,16.1,0
2.83333333333333,9,41.0644444444444,16.1,1
9.93333333333333,7,27.51,16.1,0
16.1,1,16.73,16.1,0
3.93333333333333,3,29.61,16.1,0
16.1,1,43.11,16.1,0
3.36666666666667,8,35.68125,16.1,1
14.7666666666667,4,27.8625,16.1,0
16.1,1,18.76,16.1,0
16.1,1,25.74,16.1,0
16.0666666666667,1,10.77,16.0666666666667,0
3.13333333333333,3,93.5666666666667,16.0666666666667,0
16.0666666666667,1,29.98,16.0666666666667,0
16.0666666666667,1,18.76,16.0666666666667,0
16.0666666666667,1,18.36,16.0666666666667,0
0.133333333333333,7,31.4414285714286,15.8,0
15.8,2,39.4,16.0333333333333,0
16.0666666666667,1,55.89,16.0666666666667,0
16.0666666666667,1,57.27,16.0666666666667,0
16.0666666666667,1,10.77,16.0666666666667,0
16.0666666666667,1,40.74,16.0666666666667,0
2.8,16,34.835625,16.0666666666667,1
16.0666666666667,1,11.77,16.0666666666667,0
16.0666666666667,1,84.79,16.0666666666667,0
16.0666666666667,1,15.36,16.0666666666667,0
1.1,4,51.1875,16.0666666666667,0
16.0666666666667,1,4.79,16.0666666666667,0
16.0666666666667,1,14.37,16.0666666666667,0
5.96666666666667,2,25.86,16.0666666666667,0
16.0666666666667,1,52.71,16.0666666666667,0
7.5,3,14.9433333333333,16.0666666666667,0
7.46666666666667,2,48.535,16.0666666666667,0
16.0666666666667,1,26.73,16.0666666666667,0
2.4,19,63.3273684210526,16.0666666666667,1
8.13333333333333,6,32.2033333333333,16.0666666666667,1
9.63333333333333,3,45.67,16.0666666666667,0
16.0666666666667,1,21.74,16.0666666666667,0
2.46666666666667,2,48.475,16.0666666666667,0
2.56666666666667,5,26.006,16.0666666666667,0
8.26666666666667,6,47.44,16.0666666666667,0
16.0333333333333,1,93.76,16.0333333333333,0
11.1666666666667,2,12.87,16.0333333333333,0
16,1,15.36,16,0
16.0333333333333,1,40.53,16.0333333333333,0
16.0333333333333,1,22.99,16.0333333333333,0
3.53333333333333,5,26.598,16.0333333333333,0
16.0333333333333,1,16.99,16.0333333333333,0
15.8666666666667,2,15.755,16.0333333333333,0
16.0333333333333,1,11.77,16.0333333333333,0
16.0333333333333,1,29.13,16.0333333333333,0
8.63333333333333,2,58.585,16.0333333333333,0
15.6333333333333,2,19.385,16.0333333333333,0
1.33333333333333,17,39.7317647058824,16,1
16.0333333333333,1,13.97,16.0333333333333,0
12.7,2,29.12,16.0333333333333,0
0.466666666666667,9,36.7966666666667,16.0333333333333,1
16.0333333333333,1,14.37,16.0333333333333,0
4.73333333333333,3,13.8333333333333,16.0333333333333,0
16.0333333333333,1,27.13,16.0333333333333,0
15.7666666666667,1,14.37,15.7666666666667,0
16.0333333333333,1,15.96,16.0333333333333,0
16,1,38.06,16,0
16.0333333333333,1,5.78,16.0333333333333,0
6.46666666666667,4,26.3325,16.0333333333333,0
16.0333333333333,1,19.99,16.0333333333333,0
13.7666666666667,2,14.475,16.0333333333333,0
16.0333333333333,1,62.11,16.0333333333333,0
15.5666666666667,2,16.345,16.0333333333333,0
16.0333333333333,1,10.77,16.0333333333333,0
15.6666666666667,2,29.425,16.0333333333333,0
16,2,45.49,16,0
9.33333333333333,2,11.49,16,0
16,1,35.31,16,0
10.4,2,16.88,16,0
16,1,14.37,16,0
16,1,20.35,16,0
15.4666666666667,1,29.99,15.4666666666667,0
16,1,89.49,16,0
6.7,2,36.43,16,0
7.66666666666667,4,144.825,15.9333333333333,0
16,1,10.77,16,0
0.866666666666667,34,23.4338235294118,15.9666666666667,1
4.13333333333333,2,13.99,16,0
15.4333333333333,2,35.34,16,0
13.7666666666667,2,7.84,16,0
6.4,2,22.205,16,0
6.66666666666667,2,50.355,16,0
3.76666666666667,4,22.0925,15.9333333333333,0
2.66666666666667,3,32.9166666666667,16,0
16,1,14.96,16,0
7.73333333333333,4,13,16,0
16,1,14.99,16,0
16,2,35.41,16,0
16,1,43.69,16,0
13.3333333333333,2,12.49,16,0
4.06666666666667,2,9.335,16,0
7.5,2,61.595,15.9666666666667,0
0.633333333333333,13,35.1392307692308,15.9666666666667,1
15.9666666666667,1,56.96,15.9666666666667,0
11.1666666666667,3,24.7366666666667,15.9666666666667,0
15.9666666666667,1,17.99,15.9666666666667,0
15.9666666666667,1,12.49,15.9666666666667,0
7.83333333333333,5,22.008,15.9666666666667,0
15.9666666666667,1,25.96,15.9666666666667,0
3.8,2,28.26,15.9666666666667,0
4.73333333333333,4,23.685,15.6,0
8.03333333333333,2,31.22,15.9666666666667,0
15.9666666666667,1,14.99,15.9666666666667,0
0.2,9,45.7277777777778,15.9666666666667,1
15.9666666666667,1,22.77,15.9666666666667,0
14.8666666666667,56,117.0125,15.9666666666667,0
1.26666666666667,5,63.128,15.9666666666667,1
15.9666666666667,1,22.55,15.9666666666667,0
4.5,2,77.7,15.8333333333333,0
15.9666666666667,1,28.97,15.9666666666667,0
15.9666666666667,1,13.97,15.9666666666667,0
0.533333333333333,5,25.454,15.9666666666667,1
15.9666666666667,1,10.99,15.9666666666667,0
15.9666666666667,1,17.99,15.9666666666667,0
12.2,4,18.1,15.9666666666667,0
7.66666666666667,4,26.7175,15.9666666666667,0
15.4666666666667,2,19.035,15.9666666666667,0
15.9666666666667,1,71.02,15.9666666666667,0
15.9666666666667,1,21.99,15.9666666666667,0
15.8666666666667,3,80.98,15.9666666666667,0
14.7333333333333,2,29.81,15.9333333333333,0
15.9333333333333,1,9.77,15.9333333333333,0
15.9333333333333,1,12.77,15.9333333333333,0
0.566666666666667,9,19.03,15.9333333333333,1
15.9333333333333,1,38.5,15.9333333333333,0
15.9333333333333,1,7.98,15.9333333333333,0
5.93333333333333,2,59.215,15.9333333333333,0
7.56666666666667,5,12.742,15.9333333333333,0
15.9333333333333,1,19.77,15.9333333333333,0
15.9333333333333,1,15.99,15.9333333333333,0
10.6333333333333,2,43.225,15.9333333333333,0
15.9,1,27.97,15.9,0
15.9333333333333,1,13.77,15.9333333333333,0
11.4666666666667,2,15.065,15.9333333333333,0
13.3333333333333,2,21.54,15.9333333333333,0
15.9333333333333,1,11.77,15.9333333333333,0
15.9333333333333,1,29.58,15.9333333333333,0
15.9,1,49.37,15.9,0
15.9333333333333,1,38.29,15.9333333333333,0
9.46666666666667,3,48.18,15.9333333333333,0
7.03333333333333,3,18.9166666666667,15.9333333333333,0
4.46666666666667,3,32.4933333333333,15.9333333333333,0
15.9333333333333,1,31,15.9333333333333,0
11.2333333333333,3,30.01,15.9333333333333,0
15.9333333333333,1,33.76,15.9333333333333,0
15.8666666666667,1,14.37,15.8666666666667,0
12.3666666666667,2,18.955,15.9,0
1.13333333333333,2,22.865,15.9,0
15.9,1,75.09,15.9,0
7.5,9,35.6466666666667,15.9,0
15.9,1,34.14,15.9,0
10.4666666666667,12,28.9025,15.9,0
15.9,1,25.73,15.9,0
15.9,1,50.47,15.9,0
15,2,13.365,15.9,0
15.5333333333333,2,13.97,15.9,0
15.9,1,29.75,15.9,0
7.73333333333333,3,40.89,15.9,0
15.4666666666667,1,39.37,15.4666666666667,0
7.7,4,32.505,15.9,0
0.3,5,33.07,15.9,0
7.93333333333333,4,34.77,15.9,0
15.9,1,14.96,15.9,0
2.8,5,34.784,15.9,0
15.9,1,14.96,15.9,0
15.9,1,21.76,15.9,0
15.9,1,43.89,15.9,0
15.9,2,12.07,15.9,0
15.9,1,29.33,15.9,0
15.9,1,8.77,15.9,0
15.9,1,6.77,15.9,0
15.8,1,12.49,15.8,0
15.9,1,70.87,15.9,0
15.8666666666667,1,14.37,15.8666666666667,0
15.8666666666667,1,5.98,15.8666666666667,0
15.8666666666667,1,32.97,15.8666666666667,0
15.4666666666667,2,44.99,15.8666666666667,0
0.466666666666667,42,41.6090476190476,15.8666666666667,1
15.8333333333333,1,100.52,15.8333333333333,0
3.43333333333333,6,16.1716666666667,15.8666666666667,1
13.1,3,30.9,15.8666666666667,0
8.46666666666667,3,18.9433333333333,15.8666666666667,0
9.9,3,26.1866666666667,15.8,0
15.1666666666667,3,29.7333333333333,15.8666666666667,0
15.8666666666667,1,15.36,15.8666666666667,0
7.93333333333333,4,17.0375,15.8666666666667,0
15.8666666666667,1,5.78,15.8666666666667,0
15.8666666666667,1,14.37,15.8666666666667,0
0.6,3,16.1166666666667,15.8666666666667,0
15.8666666666667,1,11.77,15.8666666666667,0
11.9666666666667,2,13.97,15.8666666666667,0
6.23333333333333,2,31.105,15.8666666666667,0
15.8666666666667,1,11.77,15.8666666666667,0
15.8666666666667,1,11.77,15.8666666666667,0
15.8666666666667,1,20.3,15.8666666666667,0
7.06666666666667,2,10.63,15.8666666666667,0
15.8666666666667,1,14.37,15.8666666666667,0
15.8666666666667,1,13.99,15.8666666666667,0
15.8666666666667,1,13.97,15.8666666666667,0
2.1,6,74.515,15.8333333333333,0
15.8333333333333,1,22.77,15.8333333333333,0
5.6,3,18.0766666666667,15.8333333333333,0
2.86666666666667,2,30.93,15.8333333333333,0
15.8333333333333,1,11.78,15.8333333333333,0
12.3,2,17.18,15.8333333333333,0
15.8333333333333,1,9.99,15.8333333333333,0
0.4,10,24.649,15.8,1
0.566666666666667,7,19.0185714285714,15.8333333333333,0
15.8333333333333,1,20.99,15.8333333333333,0
15.8333333333333,1,93.4,15.8333333333333,0
15.8333333333333,1,11.77,15.8333333333333,0
15.8333333333333,1,20.99,15.8333333333333,0
3.7,4,20.63,15.8333333333333,0
15.8333333333333,1,18.36,15.8333333333333,0
15.8333333333333,1,33.51,15.8333333333333,0
15.8333333333333,1,6.79,15.8333333333333,0
3.2,2,44.07,15.8333333333333,0
1.6,6,19.1066666666667,15.8333333333333,1
15.8333333333333,1,12.49,15.8333333333333,0
10.1666666666667,8,16.3225,15.8333333333333,0
15.8333333333333,1,15.36,15.8333333333333,0
15.8333333333333,1,28.34,15.8333333333333,0
3.36666666666667,3,12.6466666666667,15.8333333333333,0
15.8333333333333,1,17.96,15.8333333333333,0
3.23333333333333,3,14.4833333333333,15.8,0
15.2666666666667,2,14.565,15.8,0
15.8,1,17.54,15.8,0
15.8,1,79.2,15.8,0
15.8,1,9.97,15.8,0
15.8,1,22.48,15.8,0
13.5666666666667,3,11.6366666666667,15.8,0
3.06666666666667,3,58.65,15.8,0
15.8,1,10.97,15.8,0
2.43333333333333,15,45.074,15.8,1
0.766666666666667,10,35.911,15.8,0
15.8,1,349.9,15.8,0
3.66666666666667,3,8.65,15.8,0
12.3333333333333,2,25.855,15.8,0
12.3,4,38.6625,15.8,0
15.8,1,11.77,15.8,0
15.8,1,74.25,15.8,0
13.2333333333333,2,18.615,15.8,0
15.8,1,12.49,15.8,0
15.8,1,42.71,15.8,0
7.7,3,61.8166666666667,15.8,0
15.8,1,33.31,15.8,0
13.8333333333333,2,15.66,15.8,0
9.86666666666667,2,66.57,15.8,0
15.8,1,9.77,15.8,0
15.8,1,17.7,15.8,0
1.2,49,29.3316326530612,15.6666666666667,1
15.7666666666667,1,38.95,15.7666666666667,0
15.7666666666667,1,45.88,15.7666666666667,0
15.7666666666667,1,13.97,15.7666666666667,0
15.7666666666667,1,38.13,15.7666666666667,0
2.3,2,53.21,15.7666666666667,0
15.7666666666667,1,21.74,15.7666666666667,0
3.16666666666667,5,31.128,15.7666666666667,1
4.76666666666667,5,27.29,15.7666666666667,0
15.7666666666667,1,19.95,15.7666666666667,0
0.466666666666667,4,22.39,15.7666666666667,0
15.7666666666667,1,48.16,15.7666666666667,0
4.46666666666667,4,31.995,15.7666666666667,0
6.63333333333333,4,19.7925,15.7666666666667,0
14.0666666666667,4,14.57,15.7666666666667,0
6.83333333333333,7,27.3114285714286,15.7666666666667,0
5.23333333333333,2,11.325,15.7666666666667,0
15.7666666666667,1,41.48,15.7666666666667,0
4.66666666666667,2,39.385,15.5333333333333,0
6.3,4,23.9575,15.7666666666667,0
3.76666666666667,4,26.4375,15.7666666666667,0
15.4333333333333,2,14.665,15.7666666666667,0
15.7666666666667,1,14.37,15.7666666666667,0
3.86666666666667,6,46.2066666666667,15.7666666666667,0
15.7666666666667,1,11.97,15.7666666666667,0
15.5666666666667,2,34.965,15.7666666666667,0
5.56666666666667,2,80.12,15.7333333333333,0
15.7333333333333,1,11.77,15.7333333333333,0
7.23333333333333,3,12.5833333333333,15.7333333333333,0
15.4333333333333,2,22.245,15.7333333333333,0
15.7333333333333,1,25.94,15.7333333333333,0
6.1,4,26.8225,15.7333333333333,0
15.7333333333333,1,9.98,15.7333333333333,0
3.86666666666667,4,29.775,15.7333333333333,0
15.7333333333333,1,12.49,15.7333333333333,0
7.7,6,50.55,15.7333333333333,0
15.7333333333333,1,9.98,15.7333333333333,0
13.1333333333333,5,68.244,15.7333333333333,0
3.63333333333333,2,122.56,15.7333333333333,0
7.26666666666667,3,29.7,15.7333333333333,0
13.9666666666667,2,35.135,15.7333333333333,0
15.7333333333333,1,51.68,15.7333333333333,0
1,4,24.9925,15.7333333333333,0
11.3333333333333,2,47.395,15.7333333333333,0
15.7333333333333,1,22.95,15.7333333333333,0
4.23333333333333,7,14.9614285714286,15.7333333333333,0
15.7333333333333,1,28.93,15.7333333333333,0
15.7333333333333,1,32.52,15.7333333333333,0
15.7333333333333,1,11.77,15.7333333333333,0
5.96666666666667,4,41.775,15.7333333333333,0
15.3666666666667,2,29.795,15.7333333333333,0
8.83333333333333,2,18.88,15.7333333333333,0
15.7333333333333,1,21.77,15.7333333333333,0
15.7333333333333,1,9.99,15.7333333333333,0
15.7333333333333,1,14.96,15.7333333333333,0
15.7333333333333,1,26.14,15.7333333333333,0
1.96666666666667,5,24.9,15.7333333333333,0
4.53333333333333,3,30.1366666666667,15.7333333333333,0
14.7333333333333,2,95.925,15.7333333333333,0
12.8,7,34.5214285714286,15.7,0
15.7,1,42.01,15.7,0
15.7,1,26.14,15.7,0
15.6666666666667,1,23.34,15.6666666666667,0
15.7,1,27.47,15.7,0
15.7,1,11.77,15.7,0
0.233333333333333,6,44.38,15.7,0
15.7,1,57.05,15.7,0
15.7,1,11.77,15.7,0
15.7,1,62.85,15.7,0
5.53333333333333,5,22.44,15.7,1
13.4666666666667,6,37.0416666666667,15.7,0
15.7,1,71.83,15.7,0
15.6666666666667,1,16.77,15.6666666666667,0
14.8666666666667,2,35.635,15.7,0
15.7,1,14.37,15.7,0
15.5333333333333,1,33.37,15.5333333333333,0
15.7,1,15.36,15.7,0
9.1,3,15.3866666666667,15.7,0
15.7,1,18.95,15.7,0
14.0333333333333,2,23.49,15.7,0
15.7,1,14.37,15.7,0
15.7,1,26.77,15.7,0
2.1,5,35.884,15.7,0
15.7,1,23.94,15.7,0
14.4333333333333,2,18.665,15.7,0
8.53333333333333,4,28.7125,15.7,0
15.7,1,11.77,15.7,0
3.56666666666667,5,73.116,15.6666666666667,0
15.6666666666667,1,77.82,15.6666666666667,0
3.86666666666667,7,20.0771428571429,15.6666666666667,0
4.3,5,23.792,15.6666666666667,0
15.6666666666667,1,22.73,15.6666666666667,0
15.6666666666667,1,21.99,15.6666666666667,0
15.6666666666667,1,14.37,15.6666666666667,0
15.6666666666667,1,156.49,15.6666666666667,0
15.6666666666667,1,51.92,15.6666666666667,0
13.7,3,31.0133333333333,15.6666666666667,0
15.6666666666667,1,32.29,15.6666666666667,0
9.23333333333333,9,53.8422222222222,15.6666666666667,0
15.6666666666667,1,37.84,15.6666666666667,0
1.46666666666667,2,16.115,15.6666666666667,0
11.3666666666667,7,16.3871428571429,15.6666666666667,0
8.4,2,13.68,15.6666666666667,0
5.7,5,15.222,15.6666666666667,0
15.6666666666667,1,21.97,15.6666666666667,0
15.3333333333333,2,14.665,15.6666666666667,0
10.4333333333333,2,27.475,15.4333333333333,0
15.6666666666667,1,16.75,15.6666666666667,0
7,5,33.1,15.6666666666667,0
15.6666666666667,1,10.77,15.6666666666667,0
3.8,2,27.645,15.6666666666667,0
0.2,3,25.86,15.6666666666667,0
15.6666666666667,1,49.99,15.6666666666667,0
6.3,5,12.292,15.6666666666667,0
15.6666666666667,1,15.36,15.6666666666667,0
15.6333333333333,1,38.51,15.6333333333333,0
15.6333333333333,1,16.36,15.6333333333333,0
1.83333333333333,5,39.154,15.6333333333333,0
11.0666666666667,2,35.23,15.6333333333333,0
15.6333333333333,1,74.07,15.6333333333333,0
7.96666666666667,2,35.535,15.6333333333333,0
15.6333333333333,1,9.98,15.6333333333333,0
15.6333333333333,1,9.99,15.6333333333333,0
15.6,2,14.79,15.6333333333333,0
15.6333333333333,1,8.77,15.6333333333333,0
9.63333333333333,3,72.0966666666667,15.6333333333333,0
8.86666666666667,2,13.985,15.6333333333333,0
15.6333333333333,1,18.99,15.6333333333333,0
15.6333333333333,1,11.97,15.6333333333333,0
15.6333333333333,1,13.97,15.6333333333333,0
10.1,3,10.2733333333333,15.6333333333333,0
15.6333333333333,1,15.76,15.6333333333333,0
15.6333333333333,1,5.78,15.6333333333333,0
0.866666666666667,3,21.3733333333333,15.6333333333333,0
15.6333333333333,1,30.15,15.6333333333333,0
10.1333333333333,2,47.46,15.6333333333333,0
5.1,4,86.5425,15.6333333333333,0
15.6333333333333,1,12.49,15.6333333333333,0
2.46666666666667,2,15.645,15.6333333333333,0
15.2333333333333,2,99.955,15.6333333333333,0
15.4333333333333,1,11.77,15.4333333333333,0
15.6333333333333,1,15.36,15.6333333333333,0
7.2,2,17.26,15.6,0
15.6,1,24.34,15.6,0
8.4,5,19.954,15.6,0
15.6,1,15.36,15.6,0
15.6,1,14.37,15.6,0
3.83333333333333,2,18.48,15.6,0
10.5666666666667,2,10.66,15.6,0
13.2666666666667,2,38.25,15.5333333333333,0
15.6,1,27.94,15.6,0
15.6,1,37.98,15.6,0
15.6,1,12.97,15.6,0
12.3333333333333,2,13.365,15.6,0
15.6,1,12.49,15.6,0
0.7,24,17.3595833333333,15.6,1
3.53333333333333,8,127.365,15.6,1
3.66666666666667,3,38.2266666666667,15.6,0
15.6,1,4.79,15.6,0
15.6,1,69.97,15.6,0
15.6,1,21.54,15.6,0
15.6,1,11.97,15.6,0
7.1,2,16.42,15.6,0
15.5666666666667,1,14.79,15.5666666666667,0
15.5666666666667,1,12.76,15.5666666666667,0
9.4,3,39.9266666666667,15.5666666666667,0
15.5666666666667,1,13.97,15.5666666666667,0
9.2,2,33.365,15.5666666666667,0
0.666666666666667,4,31.835,15.5666666666667,0
15.5333333333333,1,15.76,15.5333333333333,0
13.7666666666667,2,41.64,15.5666666666667,0
15.5666666666667,1,68.24,15.5666666666667,0
5.1,2,30.305,15.5666666666667,0
15.5666666666667,1,14.96,15.5666666666667,0
0.266666666666667,9,41.3722222222222,15.5666666666667,0
3.76666666666667,8,28.97375,15.5666666666667,0
15.5666666666667,1,30.72,15.5666666666667,0
15.5666666666667,1,51.1,15.5666666666667,0
15.5666666666667,1,13.97,15.5666666666667,0
15.5666666666667,1,11.77,15.5666666666667,0
15.5666666666667,1,19.99,15.5666666666667,0
15.5666666666667,1,47.28,15.5666666666667,0
13.5666666666667,5,17.28,15.5333333333333,0
4.83333333333333,3,58.6866666666667,15.5333333333333,0
2.56666666666667,3,41.1966666666667,15.5333333333333,0
15.5333333333333,1,13.97,15.5333333333333,0
15.5333333333333,1,15.76,15.5333333333333,0
15.5333333333333,1,44.13,15.5333333333333,0
15.5333333333333,5,14.49,15.5333333333333,0
15.5333333333333,1,43.11,15.5333333333333,0
6.33333333333333,3,51.7566666666667,15.5333333333333,0
0.333333333333333,16,57.783125,15.5333333333333,1
15.5333333333333,1,36.76,15.5333333333333,0
6.53333333333333,5,31.638,15.5333333333333,0
9.23333333333333,5,35.422,15.5333333333333,0
0.6,5,17.68,15.5333333333333,0
15.5333333333333,1,11.77,15.5333333333333,0
4.06666666666667,2,62.105,15.5333333333333,0
15.5333333333333,1,19.99,15.5333333333333,0
15.5333333333333,1,12.9,15.5333333333333,0
11.7333333333333,2,19.975,15.5333333333333,0
15.5,1,34.77,15.5,0
15.5,1,21.76,15.5,0
15.5,1,11.77,15.5,0
14.3666666666667,2,43.59,15.5,0
15.5,1,29.73,15.5,0
2.8,10,49.461,15.5,0
15.5,1,44.73,15.5,0
10.3333333333333,2,37.01,15.5,0
15.5,1,28.47,15.5,0
0.466666666666667,10,28.469,15.5,1
15.5,1,11.77,15.5,0
15.3333333333333,2,21.755,15.5,0
15.5,1,7.78,15.5,0
15.5,1,14.37,15.5,0
12.4,7,41.0914285714286,15.5,0
15.5,1,19.77,15.5,0
7.03333333333333,2,31.945,15.5,0
15.5,1,41.31,15.5,0
15.5,1,14.99,15.5,0
11.8,2,28.23,15.5,0
15.5,1,13.97,15.5,0
15.5,1,11.77,15.5,0
0.566666666666667,5,26.172,15.5,0
4.43333333333333,12,29.9666666666667,15.5,1
15.4666666666667,1,15.99,15.4666666666667,0
3.63333333333333,4,35.7275,15.4666666666667,0
15.4666666666667,1,14.96,15.4666666666667,0
0.666666666666667,10,37.129,15.4666666666667,1
15.4666666666667,1,13.38,15.4666666666667,0
7.13333333333333,5,16.47,15.4666666666667,0
6.56666666666667,4,36.5975,15.4666666666667,0
5.36666666666667,3,12.87,15.4666666666667,0
15.1,2,41.445,15.4666666666667,0
3,3,38.9466666666667,15.4666666666667,0
15.4666666666667,1,27.28,15.4666666666667,0
15.4666666666667,1,38.33,15.4666666666667,0
0.1,7,18.9514285714286,15.4666666666667,1
11.2666666666667,6,19.63,15.4666666666667,0
15.4666666666667,1,59.25,15.4666666666667,0
13.6333333333333,2,42.59,15.4666666666667,0
0.966666666666667,2,15.475,15.4666666666667,0
15.4666666666667,1,37.5,15.4666666666667,0
0.266666666666667,5,21.626,15.4666666666667,0
15.4666666666667,1,12.77,15.4666666666667,0
15.4666666666667,1,41.91,15.4666666666667,0
5.33333333333333,2,29.74,15.4666666666667,0
15.4666666666667,1,33.14,15.4666666666667,0
15.4666666666667,1,13.99,15.4666666666667,0
15.4666666666667,1,23.99,15.4666666666667,0
14.8666666666667,2,22.345,15.4666666666667,0
15.4666666666667,1,18.74,15.4666666666667,0
15.4666666666667,1,63.84,15.4666666666667,0
1.46666666666667,8,18.735,15.4333333333333,1
15.4333333333333,1,27.94,15.4333333333333,0
12.4,6,151.328333333333,15.4333333333333,0
3.8,3,64.7533333333333,15.4333333333333,0
15.4333333333333,1,163.38,15.4333333333333,0
14.8333333333333,2,38.295,15.4333333333333,0
6.2,5,17.688,15.4333333333333,0
15.4333333333333,1,27.94,15.4333333333333,0
15.4333333333333,1,12.49,15.4333333333333,0
12.7,2,20.495,15.4333333333333,0
3.76666666666667,7,38.7842857142857,15.4333333333333,1
15.4333333333333,1,15.36,15.4333333333333,0
6.33333333333333,4,36.41,15.4333333333333,0
2.16666666666667,3,46.1066666666667,15.4333333333333,0
1.26666666666667,7,15.34,15.4333333333333,1
15.4333333333333,1,11.77,15.4333333333333,0
1.53333333333333,3,26.2433333333333,15.4333333333333,0
1.3,7,43.0414285714286,15.4333333333333,1
4.9,10,15.65,15.4333333333333,1
13.2666666666667,2,14.17,15.4333333333333,0
6.6,5,33.258,15.4333333333333,0
15.4333333333333,1,14.37,15.4333333333333,0
4.3,2,14.23,15.4333333333333,0
3.1,3,23.1566666666667,15.4333333333333,0
9.76666666666667,6,44.105,15.4333333333333,0
5,2,18.185,15.4333333333333,0
0.8,7,29,15.4333333333333,1
15.4333333333333,1,25.74,15.4333333333333,0
