"ID","Recency","Frequency","Monetary","Time","Churn"
1,6.7,4,25.125,18.2,0
2,18.1,1,14.96,18.1,0
3,17.8,2,37.555,18.2,0
4,18.2,1,6.79,18.2,0
5,17.1666666666667,1,21.75,17.1666666666667,0
6,18.2,1,13.97,18.2,0
7,18.2,1,23.94,18.2,0
8,0.366666666666667,16,69.19,18.2,1
9,17.0333333333333,2,11.77,18.2,0
10,3.86666666666667,3,19.89,18.2,0
11,4.66666666666667,5,24.986,18.2,0
12,18.2,1,30.32,18.2,0
13,7.73333333333333,7,28.4528571428571,18.2,0
14,18.2,1,13.97,18.2,0
15,1.16666666666667,8,21.6475,18.2,1
16,6.76666666666667,8,23.3075,17.6,0
17,18.2,1,43.7,18.2,0
18,18.2,1,15.76,18.2,0
19,4.33333333333333,2,66.815,17.8666666666667,0
20,18.2,1,12.49,18.2,0
21,1.9,6,28.3533333333333,18.1666666666667,1
22,5.86666666666667,13,26.1376923076923,18.2,1
23,17.0666666666667,2,11.98,18.2,0
24,18.1666666666667,1,17.96,18.1666666666667,0
25,14.7666666666667,3,26.5266666666667,18.1666666666667,0
26,18.1666666666667,1,8.77,18.1666666666667,0
27,18.1666666666667,1,14.7,18.1666666666667,0
28,18.1666666666667,1,14.96,18.1666666666667,0
29,6.4,2,51.365,18.1666666666667,0
30,17.8,3,77.0433333333333,18.1666666666667,0
31,18.1666666666667,1,15.9,18.1666666666667,0
32,11.3,2,53.3,18.1666666666667,0
33,18.1666666666667,1,46.37,18.1666666666667,0
34,16.8,2,34.615,18.1666666666667,0
35,18.1666666666667,1,44.77,18.1666666666667,0
36,18.1666666666667,1,10.77,18.1666666666667,0
37,18.1666666666667,1,25.99,18.1666666666667,0
38,18.1666666666667,1,14.99,18.1666666666667,0
39,0.566666666666667,3,34.1333333333333,18.1666666666667,0
40,18.1666666666667,1,14.96,18.1666666666667,0
41,0.933333333333333,10,21.925,18.0333333333333,1
42,18.1666666666667,1,34.97,18.1666666666667,0
43,18.1333333333333,1,11.77,18.1333333333333,0
44,17.6666666666667,2,30.485,18.1666666666667,0
45,8.83333333333333,2,16.175,18.1666666666667,0
46,18.1666666666667,1,14.99,18.1666666666667,0
47,18.1333333333333,1,11.97,18.1333333333333,0
48,18.1333333333333,1,45.67,18.1333333333333,0
49,18.1333333333333,1,49.67,18.1333333333333,0
50,12.4333333333333,2,11.965,18.1333333333333,0
51,1.03333333333333,24,27.41125,18.1333333333333,1
52,18.1333333333333,1,14.37,18.1333333333333,0
53,17.6666666666667,1,11.77,17.6666666666667,0
54,18.1333333333333,1,12.49,18.1333333333333,0
55,1.43333333333333,36,28.4725,17.1,1
56,17.7666666666667,2,16.135,18.1333333333333,0
57,18.1333333333333,1,27.92,18.1333333333333,0
58,3.46666666666667,4,25.295,18.1,0
59,2.7,3,56.63,18.1333333333333,0
60,18.1333333333333,1,24.99,18.1333333333333,0
61,2.73333333333333,2,23.69,18.1333333333333,0
62,18.1,1,121.34,18.1,0
63,18,1,34.98,18,0
64,18.1333333333333,1,28.74,18.1333333333333,0
65,18.1333333333333,1,52.99,18.1333333333333,0
66,10.4,3,23.4733333333333,18.1333333333333,0
67,2.4,3,17.81,18.1333333333333,0
68,6.36666666666667,10,39.48,18.1,0
69,18.1,1,186.67,18.1,0
70,5.73333333333333,4,35.545,17.9,0
71,3.1,3,33.1466666666667,18.1,0
72,18.1,1,13.97,18.1,0
73,18.1,1,35.31,18.1,0
74,18.1,1,21.98,18.1,0
75,7.7,4,116.615,18.1,0
76,18.1,1,24.94,18.1,0
77,17.8,1,26.73,17.8,0
78,18.1,1,16.99,18.1,0
79,2.46666666666667,5,54.17,18.1,0
80,18.1,1,145.47,18.1,0
81,18.1,1,12.77,18.1,0
82,6.86666666666667,3,45.53,18.1,0
83,18.1,1,14.99,18.1,0
84,16.9,2,37.115,18.1,0
85,18.1,1,117.1,18.1,0
86,18.1,1,18.36,18.1,0
87,18.0666666666667,1,14.96,18.0666666666667,0
88,14.1333333333333,4,18.655,18.0666666666667,0
89,18.0666666666667,1,96.36,18.0666666666667,0
90,18.0666666666667,1,33.96,18.0666666666667,0
91,16.3333333333333,2,54.465,18.0666666666667,0
92,18.0666666666667,1,21.76,18.0666666666667,0
93,18.0666666666667,1,14.96,18.0666666666667,0
94,18.0666666666667,1,14.99,18.0666666666667,0
95,0.466666666666667,12,25.1083333333333,18.0666666666667,1
96,18.0666666666667,1,0,18.0666666666667,0
97,3.9,18,10.6005555555556,18.0666666666667,1
98,18.0333333333333,1,19.99,18.0333333333333,0
99,17.3333333333333,1,14.96,17.3333333333333,0
100,18.0666666666667,1,71.63,18.0666666666667,0
101,18.0666666666667,1,37.97,18.0666666666667,0
102,10.3,2,47.465,18.0666666666667,0
103,2.46666666666667,8,51.91125,18.0666666666667,0
104,18.0666666666667,1,34.9,18.0666666666667,0
105,18.0666666666667,1,43.09,18.0666666666667,0
106,18.0666666666667,1,31.51,18.0666666666667,0
107,18.0666666666667,1,56.51,18.0666666666667,0
108,18.0666666666667,1,36.36,18.0666666666667,0
109,5.13333333333333,5,26.514,18.0666666666667,0
110,1.9,8,25.25625,18.0666666666667,1
111,12.5,2,21.605,18.0666666666667,0
112,18.0333333333333,1,34.74,18.0333333333333,0
113,18.0333333333333,1,22.7,18.0333333333333,0
114,12.4,2,86.005,18.0333333333333,0
115,16.6,2,52.3,18.0333333333333,0
116,16.8666666666667,1,90.56,16.8666666666667,0
117,18.0333333333333,1,125.82,18.0333333333333,0
118,18.0333333333333,1,32.98,18.0333333333333,0
119,17.9666666666667,2,33.11,18.0333333333333,0
120,7.83333333333333,2,35.985,18.0333333333333,0
121,0.9,3,11.84,18.0333333333333,0
122,18.0333333333333,1,156,18.0333333333333,0
123,18.0333333333333,1,11.77,18.0333333333333,0
124,12.4,2,19.68,18.0333333333333,0
125,18.0333333333333,1,29.33,18.0333333333333,0
126,1.2,4,27.5025,18.0333333333333,0
127,18.0333333333333,1,8.77,18.0333333333333,0
128,17.9333333333333,1,166.3,17.9333333333333,0
129,6.66666666666667,4,117.86,17.7666666666667,0
130,18.0333333333333,1,11.77,18.0333333333333,0
131,16.6,1,17.3,16.6,0
132,18.0333333333333,1,9.98,18.0333333333333,0
133,18.0333333333333,1,19.77,18.0333333333333,0
134,18,1,28.37,18,0
135,17.3333333333333,2,14.865,18.0333333333333,0
136,18.0333333333333,1,163.52,18.0333333333333,0
137,14.9666666666667,2,87.69,17.3666666666667,0
138,18.0333333333333,1,24.99,18.0333333333333,0
139,18.0333333333333,1,14.96,18.0333333333333,0
140,4.6,3,18.3966666666667,18.0333333333333,0
141,18,1,10.77,18,0
142,16.2333333333333,5,12.254,18,0
143,11.9333333333333,4,17.71,18,0
144,7.76666666666667,2,58.405,18,0
145,12.4,2,49.825,18,0
146,0.733333333333333,8,12.24625,18,1
147,1.23333333333333,2,12.38,18,0
148,4.66666666666667,4,33.15,18,0
149,16.2666666666667,3,30.6433333333333,18,0
150,18,1,12.97,18,0
151,1.9,7,51.8357142857143,18,1
152,17.5,2,20.55,18,0
153,14.3333333333333,2,17.655,18,0
154,18,1,79.99,18,0
155,4.9,8,34.35375,18,0
156,11.3333333333333,3,19.0166666666667,18,0
157,0.733333333333333,13,34.3753846153846,18,1
158,9.66666666666667,3,17.6366666666667,18,0
159,18,1,70.42,18,0
160,6.73333333333333,7,21.2014285714286,18,1
161,3.66666666666667,21,25.5257142857143,18,1
162,2.13333333333333,7,22.0142857142857,18,0
163,7.3,7,28.01,18,0
164,9.76666666666667,5,22.308,18,0
165,18,1,30.97,18,0
166,17.6,1,35.31,17.6,0
167,18,1,11.77,18,0
168,17.3333333333333,2,16.03,18,0
169,14.0666666666667,2,60.78,17.6333333333333,0
170,18,1,0,18,0
171,16.5,2,23.045,18,0
172,0.666666666666667,47,23.9082978723404,18,1
173,17.9333333333333,1,12.49,17.9333333333333,0
174,17.9666666666667,1,14.37,17.9666666666667,0
175,12.2,4,42.53,17.9666666666667,0
176,17.9666666666667,1,31.54,17.9666666666667,0
177,0.733333333333333,2,39.21,17.9666666666667,0
178,17.5,2,36.21,17.9666666666667,0
179,17.9666666666667,1,73.3,17.9666666666667,0
180,2.86666666666667,17,53.6182352941176,17.9666666666667,1
181,17.9666666666667,2,26.86,17.9666666666667,0
182,5.1,2,50.52,17.9666666666667,0
183,1.63333333333333,30,31.9516666666667,17.9666666666667,1
184,1.83333333333333,15,32.612,17.9333333333333,1
185,17.9666666666667,1,14.37,17.9666666666667,0
186,17.9666666666667,1,25.77,17.9666666666667,0
187,2.7,4,15.49,17.9666666666667,0
188,17.9666666666667,1,64.99,17.9666666666667,0
189,17.9666666666667,1,51.37,17.9666666666667,0
190,17.9666666666667,1,93.57,17.9666666666667,0
191,17.9666666666667,1,18.36,17.9666666666667,0
192,17.9666666666667,1,6.79,17.9666666666667,0
193,2.8,17,48.2582352941176,17.9333333333333,1
194,17.9333333333333,1,17.96,17.9333333333333,0
195,17.9333333333333,1,15.76,17.9333333333333,0
196,6.5,4,22.505,17.6333333333333,0
197,17.9333333333333,1,12.97,17.9333333333333,0
198,1.8,5,16.814,17.9333333333333,0
199,17.9333333333333,1,8.77,17.9333333333333,0
200,0.633333333333333,7,27.8814285714286,17.9333333333333,0
201,17.9333333333333,1,14.96,17.9333333333333,0
202,4.3,5,39.306,17.7666666666667,0
203,4.36666666666667,4,12.55,17.9333333333333,0
204,6.33333333333333,5,31.884,17.9333333333333,0
205,16.5333333333333,4,34.3125,17.9333333333333,0
206,17.9333333333333,1,28.99,17.9333333333333,0
207,17.9333333333333,1,27.94,17.9333333333333,0
208,17.9333333333333,1,30.54,17.9333333333333,0
209,17.9333333333333,1,52.63,17.9333333333333,0
210,17.9333333333333,1,16.99,17.9333333333333,0
211,14.4,2,28.37,17.8666666666667,0
212,11.6333333333333,7,26.7014285714286,17.9333333333333,0
213,17.0333333333333,1,13.77,17.0333333333333,0
214,17.9333333333333,1,36.75,17.9333333333333,0
215,17.5666666666667,2,28.245,17.9333333333333,0
216,13.2,2,27.545,17.0666666666667,0
217,8.03333333333333,2,38.085,17.9333333333333,0
218,17.3333333333333,2,89.775,17.8,0
219,17.9333333333333,1,27.77,17.9333333333333,0
220,17.9,1,21.54,17.9,0
221,16.2666666666667,3,16.7466666666667,17.9,0
222,17.8,1,43.53,17.8,0
223,10.6666666666667,3,20.1433333333333,17.9,0
224,17.9,1,28.35,17.9,0
225,17.9,1,10.77,17.9,0
226,13.7,2,35.915,17.9,0
227,17.9,1,12.99,17.9,0
228,17.3333333333333,1,9.98,17.3333333333333,0
229,17.8333333333333,2,58.615,17.9,0
230,17.9,1,14.37,17.9,0
231,17.9,1,59.97,17.9,0
232,0.133333333333333,14,57.9164285714286,17.9,1
233,8.43333333333333,3,27.1,17.8,0
234,17.9,1,31.98,17.9,0
235,0.566666666666667,2,47.705,17.9,0
236,8.26666666666667,6,33.6783333333333,16.2333333333333,1
237,17.9,1,14.96,17.9,0
238,6.83333333333333,4,18.35,17.9,0
239,3.16666666666667,2,19.97,17.9,0
240,2.46666666666667,6,31.4966666666667,17.9,0
241,11.4666666666667,2,21.865,17.8666666666667,0
242,17.8666666666667,1,21.77,17.8666666666667,0
243,17.8666666666667,1,11.77,17.8666666666667,0
244,17.8666666666667,1,69.29,17.8666666666667,0
245,3.36666666666667,6,85.1866666666667,17.8333333333333,0
246,17.8666666666667,1,11.77,17.8666666666667,0
247,17.8666666666667,1,24.54,17.8666666666667,0
248,15.2,3,17.4866666666667,17.8666666666667,0
249,12.5,2,33.42,17.3666666666667,0
250,17.8666666666667,1,0,17.8666666666667,0
251,17.4,2,18.47,17.8666666666667,0
252,17.4333333333333,2,16.255,17.8666666666667,0
253,17.8,1,14.37,17.8,0
254,1.13333333333333,4,23.445,17.8666666666667,0
255,1.66666666666667,3,50.9366666666667,17.8666666666667,0
256,0.3,8,30.61125,17.8666666666667,1
257,17.8666666666667,1,29.92,17.8666666666667,0
258,17.8666666666667,1,35.31,17.8666666666667,0
259,17.8666666666667,1,11.77,17.8666666666667,0
260,17.8666666666667,1,5.78,17.8666666666667,0
261,17.8666666666667,1,15.96,17.8666666666667,0
262,17.8666666666667,1,16.7,17.8666666666667,0
263,17.8666666666667,1,14.37,17.8666666666667,0
264,17.8666666666667,1,58.85,17.8666666666667,0
265,4.66666666666667,6,19.2733333333333,17.8666666666667,0
266,3.4,6,23.12,17.8666666666667,1
267,16.6333333333333,7,141.468571428571,17.8333333333333,0
268,17.8333333333333,1,10.77,17.8333333333333,0
269,17.8333333333333,1,78.2,17.8333333333333,0
270,12.2333333333333,3,33.9333333333333,17.8333333333333,0
271,7.3,3,28.1433333333333,17.4,0
272,17.8333333333333,1,19.99,17.8333333333333,0
273,17.4,2,28.525,17.8333333333333,0
274,8.86666666666667,4,28.4075,17.8333333333333,0
275,17.8333333333333,1,14.96,17.8333333333333,0
276,17.6333333333333,1,14.37,17.6333333333333,0
277,17.8333333333333,1,27.13,17.8333333333333,0
278,2.86666666666667,3,14.44,17.8333333333333,0
279,17.8333333333333,1,4.99,17.8333333333333,0
280,7.7,4,76.365,17.8333333333333,0
281,17.8333333333333,1,11.77,17.8333333333333,0
282,5.26666666666667,7,29.8057142857143,17.8333333333333,0
283,17.8333333333333,1,59.54,17.8333333333333,0
284,17.8333333333333,1,16.7,17.8333333333333,0
285,16.4666666666667,2,42.62,17.8333333333333,0
286,17.7666666666667,1,19.28,17.7666666666667,0
287,11.2333333333333,4,18.8025,17.2666666666667,0
288,11.1666666666667,3,39.4533333333333,17.8333333333333,0
289,17.8333333333333,1,26.14,17.8333333333333,0
290,4.2,3,62.2166666666667,17.8333333333333,0
291,17.8333333333333,1,47.48,17.8333333333333,0
292,12.1333333333333,4,19.3475,17.8,0
293,17.8333333333333,1,166.75,17.8333333333333,0
294,17.8,2,11.77,17.8333333333333,0
295,3.36666666666667,5,16.436,17.8333333333333,0
296,7.4,5,23.244,17.8,0
297,16.5,2,67.855,17.8333333333333,0
298,5.6,17,15.1617647058824,17.8,1
299,17.8,1,31.97,17.8,0
300,0.4,25,20.6932,16.3333333333333,1
301,17.8,1,15.36,17.8,0
302,17.8,1,14.79,17.8,0
303,17.8,1,18.36,17.8,0
304,17.8,1,14.37,17.8,0
305,4.6,4,25.7175,17.5666666666667,0
306,13.2666666666667,4,80.49,17.8,0
307,10.1333333333333,4,19.155,17.8,0
308,17.1,2,35.025,17.8,0
309,17.8,1,40.11,17.8,0
310,17.8,1,0,17.8,0
311,1.83333333333333,4,89.2,17.6666666666667,0
312,3.2,10,41.581,17.8,1
313,17.8,1,30.72,17.8,0
314,3.26666666666667,15,25.1533333333333,17.8,1
315,17.8,1,26.94,17.8,0
316,9.53333333333333,3,66.45,17.8,0
317,17.7,2,18.055,17.8,0
318,8.93333333333333,2,47.22,15.7,0
319,17.8,1,29.73,17.8,0
320,17.7666666666667,1,126.9,17.7666666666667,0
321,4.06666666666667,5,36.16,17.8,0
322,17.8,1,20.99,17.8,0
323,17.8,1,12.77,17.8,0
324,14.7666666666667,3,13.51,17.2333333333333,0
325,17.7666666666667,1,38.13,17.7666666666667,0
326,9.73333333333333,4,32.555,17.7666666666667,0
327,9.3,2,18.735,17.7666666666667,0
328,0.6,3,36.32,17.7666666666667,0
329,17.7666666666667,1,23.99,17.7666666666667,0
330,3.4,3,13.41,17.7666666666667,0
331,17.7333333333333,1,57.51,17.7333333333333,0
332,17.7666666666667,1,13.97,17.7666666666667,0
333,15.6666666666667,2,47.655,17.7333333333333,0
334,17.7666666666667,1,15.36,17.7666666666667,0
335,17.7666666666667,1,11.77,17.7666666666667,0
336,16.7666666666667,6,46.6966666666667,17.7666666666667,0
337,17.7666666666667,1,14.37,17.7666666666667,0
338,1.7,6,44.44,17.7666666666667,1
339,17.7666666666667,1,51.15,17.7666666666667,0
340,3.8,5,110.2,17.7666666666667,0
341,17.7666666666667,1,14.7,17.7666666666667,0
342,17.5,1,37.98,17.5,0
343,7.86666666666667,6,76.985,15.6333333333333,0
344,17.7666666666667,1,28.74,17.7666666666667,0
345,8.9,3,24.1066666666667,17.7666666666667,0
346,17.7666666666667,1,52.27,17.7666666666667,0
347,6.83333333333333,4,29.2225,17.7666666666667,0
348,0.0333333333333333,2,13.62,17.7666666666667,0
349,0.333333333333333,12,30.5458333333333,17.7333333333333,0
350,1.76666666666667,4,36.21,17.7666666666667,0
351,2.16666666666667,35,29.222,17.7333333333333,1
352,17.7333333333333,1,23.99,17.7333333333333,0
353,12.3666666666667,4,26.9975,17.4,0
354,17.7333333333333,1,19.97,17.7333333333333,0
355,17.7333333333333,1,12.7,17.7333333333333,0
356,17.7333333333333,1,39.96,17.7333333333333,0
357,8.73333333333333,7,63.0514285714286,17.7333333333333,0
358,17.1333333333333,1,179.21,17.1333333333333,0
359,17.7333333333333,1,14.7,17.7333333333333,0
360,9.3,3,19.9,17,0
361,14.4333333333333,3,28.66,17.7333333333333,0
362,17.7333333333333,1,14.96,17.7333333333333,0
363,17.7333333333333,1,15.36,17.7333333333333,0
364,17.7333333333333,1,26.14,17.7333333333333,0
365,6.6,9,45.5,17.7333333333333,0
366,17.7333333333333,1,11.99,17.7333333333333,0
367,11.5,2,34.635,16.9,0
368,1.56666666666667,5,11.946,17.7333333333333,0
369,3.46666666666667,3,10.9866666666667,17.7333333333333,0
370,7.4,4,23.3975,17.7,0
371,17.7333333333333,1,30.13,17.7333333333333,0
372,17.7333333333333,1,19.99,17.7333333333333,0
373,17.7333333333333,1,27.99,17.7333333333333,0
374,17.7333333333333,1,29.98,17.7333333333333,0
375,17.5333333333333,1,10.97,17.5333333333333,0
376,17.7,1,21.98,17.7,0
377,2.9,4,55.2625,17.5,0
378,17.7,1,39.3,17.7,0
379,17.7,1,15.36,17.7,0
380,12.4333333333333,2,5.79,17.7,0
381,17.7,1,17.9,17.7,0
382,12.4333333333333,3,95.4633333333333,17.7,0
383,15.4666666666667,2,21.05,17.7,0
384,17.7,1,7.98,17.7,0
385,17.7,1,11.56,17.7,0
386,17.7,1,41.9,17.7,0
387,17,1,58.47,17,0
388,17.7,1,44.12,17.7,0
389,17.7,1,9.99,17.7,0
390,17.1,2,144.83,17.7,0
391,12.1666666666667,3,32.14,17.7,0
392,17.7,1,15.36,17.7,0
393,17.7,1,17.36,17.7,0
394,17.7,1,19.99,17.7,0
395,17.7,1,7.78,17.7,0
396,15.2333333333333,3,14.8433333333333,17.7,0
397,9.1,6,42.2833333333333,17.7,0
398,17.7,1,15.96,17.7,0
399,4.43333333333333,6,26.8683333333333,17.6666666666667,1
400,17.6666666666667,1,18.77,17.6666666666667,0
401,3.8,3,20.1966666666667,17.6666666666667,0
402,3.3,2,15.13,17.6666666666667,0
403,17.6666666666667,1,14.37,17.6666666666667,0
404,17.6666666666667,1,11.77,17.6666666666667,0
405,0.3,8,44.57625,15.9,1
406,17.6666666666667,1,14.37,17.6666666666667,0
407,17.6666666666667,1,12.97,17.6666666666667,0
408,3.2,5,18.914,17.6666666666667,0
409,15.2333333333333,2,20.76,17.6666666666667,0
410,12.5333333333333,2,12.745,17.6666666666667,0
411,17.6666666666667,1,15.36,17.6666666666667,0
412,12.2,3,89.6133333333333,17.1,0
413,17.6333333333333,1,42.73,17.6333333333333,0
414,17.6666666666667,1,20,17.6666666666667,0
415,17.6666666666667,1,14.99,17.6666666666667,0
416,0.2,22,28.3745454545455,17.6666666666667,1
417,16.1333333333333,1,14.99,16.1333333333333,0
418,17.6666666666667,1,13.97,17.6666666666667,0
419,17.6666666666667,1,43.69,17.6666666666667,0
420,5.26666666666667,9,24.6577777777778,17.6666666666667,1
421,17.6666666666667,1,14.37,17.6666666666667,0
422,17.6666666666667,1,30.73,17.6666666666667,0
423,17.6333333333333,1,15.36,17.6333333333333,0
424,17.6,1,10.77,17.6,0
425,17.6333333333333,1,15.36,17.6333333333333,0
426,11.6,2,102.5,17.6333333333333,0
427,16.6,3,24.4833333333333,17.6333333333333,0
428,6.6,2,36.14,17.6333333333333,0
429,12.6666666666667,4,17.2175,17.6333333333333,0
430,15.7666666666667,2,32.485,17.6333333333333,0
431,17.6333333333333,1,19.54,17.6333333333333,0
432,17.6333333333333,1,23.54,17.6333333333333,0
433,17.5666666666667,1,18.56,17.5666666666667,0
434,12.5333333333333,3,14.3533333333333,17.6333333333333,0
435,17.6333333333333,1,20.75,17.6333333333333,0
436,2.33333333333333,13,44.4630769230769,17.6333333333333,1
437,4.63333333333333,3,18.4433333333333,17.6333333333333,0
438,17.6333333333333,1,11.77,17.6333333333333,0
439,13.9333333333333,3,33.7233333333333,17.6333333333333,0
440,0.666666666666667,3,22.55,17.6333333333333,0
441,17.6333333333333,1,44.29,17.6333333333333,0
442,17.6333333333333,1,55.04,17.6333333333333,0
443,1.43333333333333,5,26.108,17.6333333333333,1
444,17.6333333333333,1,56.66,17.6333333333333,0
445,6,5,86.348,17.6333333333333,0
446,17.6333333333333,1,73.13,17.6333333333333,0
447,7.63333333333333,2,27.35,17.6333333333333,0
448,17.4,1,25.74,17.4,0
449,17.6,1,26.74,17.6,0
450,4.03333333333333,2,20.63,17.6,0
451,7.03333333333333,2,35.17,17.6,0
452,17.6,1,16.9,17.6,0
453,6.9,4,43.3825,17.6,0
454,13,3,36.38,17.6,0
455,1.86666666666667,6,24.3716666666667,17.6,0
456,17.6,1,12.49,17.6,0
457,17.6,1,36.73,17.6,0
458,4.16666666666667,4,54.3725,16.4,0
459,16.5666666666667,2,25.35,17.6,0
460,0.8,7,37.8614285714286,17.6,1
461,17.6,1,15.36,17.6,0
462,17.6,1,15.36,17.6,0
463,8.46666666666667,2,40.595,17.6,0
464,17.6,1,11.77,17.6,0
465,17.6,1,49.87,17.6,0
466,2.1,3,40.6633333333333,17.6,0
467,17.6,1,9.77,17.6,0
468,17.6,1,39.98,17.6,0
469,12.8333333333333,2,12.77,16.2666666666667,0
470,17.6,1,58.89,17.6,0
471,17.6,1,31.52,17.6,0
472,13.3666666666667,2,25.065,17.6,0
473,11.5,3,93.0566666666667,17.6,0
474,0.633333333333333,11,25.3,17.6,1
475,17.6,1,13.97,17.6,0
476,4.2,5,11.242,17.3666666666667,1
477,17.6,1,65.97,17.6,0
478,0.9,8,21.745,17.5666666666667,1
479,17.5666666666667,1,14.99,17.5666666666667,0
480,17.0666666666667,2,31.665,17.5666666666667,0
481,17.5666666666667,1,14.96,17.5666666666667,0
482,15.7333333333333,2,49.51,17.5666666666667,0
483,8.76666666666667,3,95.5233333333333,17.5666666666667,0
484,13.6,2,18.755,17.5666666666667,0
485,15,3,44.92,17.5666666666667,0
486,11.2333333333333,2,22.545,17.5666666666667,0
487,17.5666666666667,1,29.92,17.5666666666667,0
488,3.46666666666667,14,50.3064285714286,17.5666666666667,1
489,14.0333333333333,5,19.214,17.5666666666667,0
490,17.5666666666667,1,23.73,17.5666666666667,0
491,17.5666666666667,1,76.23,17.5666666666667,0
492,17.5666666666667,1,43.89,17.5666666666667,0
493,0.9,12,20.5575,17.5666666666667,1
494,17.5666666666667,1,59.25,17.5666666666667,0
495,16.7666666666667,1,15.96,16.7666666666667,0
496,15.5666666666667,2,43.7,17.5666666666667,0
497,7.3,3,14.8533333333333,17.1333333333333,0
498,6.1,4,38.39,17.5666666666667,0
499,17.5666666666667,1,23.96,17.5666666666667,0
500,1.03333333333333,4,39.315,17.5666666666667,0
501,10.2,2,33.905,17.5666666666667,0
502,8.7,2,30.94,17.5666666666667,0
503,7.5,7,19.6857142857143,17.5666666666667,0
504,17.3666666666667,1,38.71,17.3666666666667,0
505,1.43333333333333,2,53.16,17.5666666666667,0
506,6.9,3,27.04,17.5666666666667,0
507,16.4,1,32.33,16.4,0
508,17.5666666666667,1,40.73,17.5666666666667,0
509,17.5666666666667,1,9.98,17.5666666666667,0
510,3.5,4,24.93,17.2333333333333,0
511,2.43333333333333,4,28.89,17.5666666666667,0
512,17.5666666666667,1,30.86,17.5666666666667,0
513,17.5666666666667,1,34.31,17.5666666666667,0
514,4.06666666666667,7,29.4442857142857,17.5666666666667,0
515,8.3,3,13.6566666666667,17.5666666666667,0
516,4.03333333333333,5,50.946,17.5333333333333,1
517,3.03333333333333,3,81.7166666666667,17.5333333333333,0
518,17.5333333333333,1,14.96,17.5333333333333,0
519,15.5333333333333,2,11.98,17.5333333333333,0
520,17.5333333333333,1,13.97,17.5333333333333,0
521,9.8,14,41.5635714285714,17.5333333333333,0
522,17.5333333333333,1,13.97,17.5333333333333,0
523,15.4333333333333,6,34.0433333333333,17.5333333333333,0
524,17.5333333333333,1,21.99,17.5333333333333,0
525,11.8666666666667,13,25.3738461538462,17.4333333333333,0
526,17.5333333333333,1,9.98,17.5333333333333,0
527,4.8,4,38.1425,17.1,0
528,17.1,1,12.99,17.1,0
529,8.33333333333333,2,70.205,17.5333333333333,0
530,3.33333333333333,8,24.92375,17.5333333333333,1
531,3.4,2,16.675,17.5333333333333,0
532,6.9,5,26.982,17.5333333333333,0
533,17.5333333333333,1,12.49,17.5333333333333,0
534,6.33333333333333,3,10.65,17.5333333333333,0
535,17.0333333333333,2,23.04,17.5333333333333,0
536,17.5,1,65.34,17.5,0
537,17.5333333333333,1,41.98,17.5333333333333,0
538,17.5333333333333,1,60.64,17.5333333333333,0
539,0.133333333333333,11,40.5509090909091,17.5333333333333,1
540,16.2333333333333,4,34.62,17.5333333333333,0
541,17.5333333333333,1,74.97,17.5333333333333,0
542,17.5333333333333,1,14.96,17.5333333333333,0
543,17.5333333333333,1,39.98,17.5333333333333,0
544,6.6,5,68.26,17.5,0
545,15.0666666666667,3,67.4366666666667,17.2,0
546,17.5,1,18.75,17.5,0
547,5.03333333333333,24,80.9825,17.5,1
548,17.5,1,13.97,17.5,0
549,16.2666666666667,2,29.85,17.5,0
550,0.166666666666667,12,29.0158333333333,17.4666666666667,1
551,17.5,1,49.97,17.5,0
552,15.6666666666667,2,24.81,17.5,0
553,17.5,1,35.76,17.5,0
554,17.4666666666667,1,11.77,17.4666666666667,0
555,17.5,1,11.77,17.5,0
556,0.433333333333333,3,19.5533333333333,17.5,0
557,6.03333333333333,7,33.04,17.5,1
558,17.5,1,14.77,17.5,0
559,4.16666666666667,3,27.1966666666667,17.5,0
560,17.5,1,34.98,17.5,0
561,0.733333333333333,16,19.89875,17.5,1
562,17.5,1,28.13,17.5,0
563,14.9,3,15.9066666666667,17.5,0
564,17.5,1,30.36,17.5,0
565,17.5,1,43.7,17.5,0
566,8.23333333333333,7,50.0485714285714,17.5,0
567,17.5,1,12.49,17.5,0
568,1.96666666666667,3,19.1833333333333,17.5,0
569,17.4666666666667,1,25.74,17.4666666666667,0
570,3.8,3,22.7833333333333,17.4666666666667,0
571,17.4666666666667,1,41.5,17.4666666666667,0
572,16.4,2,34.21,17.4666666666667,0
573,5,5,108.42,17.4666666666667,1
574,17.4666666666667,1,11.77,17.4666666666667,0
575,17.4666666666667,1,9.77,17.4666666666667,0
576,17.4666666666667,1,141.85,17.4666666666667,0
577,17.4333333333333,2,15.365,17.4666666666667,0
578,8.2,5,35.48,17.2333333333333,0
579,17.4666666666667,1,202.58,17.4666666666667,0
580,1.96666666666667,10,32.553,17.4666666666667,1
581,17.4666666666667,1,35.91,17.4666666666667,0
582,12.2333333333333,3,132.2,17.4666666666667,0
583,17.4666666666667,1,14.37,17.4666666666667,0
584,17.4666666666667,1,29.16,17.4666666666667,0
585,17.4666666666667,1,23.14,17.4666666666667,0
586,17.4666666666667,1,13.97,17.4666666666667,0
587,16.9333333333333,1,119.55,16.9333333333333,0
588,12.3333333333333,2,70.95,17.4666666666667,0
589,9.03333333333333,3,42.72,16.6333333333333,0
590,0.0666666666666667,20,39.626,17.4666666666667,1
591,17.4666666666667,1,15.76,17.4666666666667,0
592,15.9,2,48.965,17.4666666666667,0
593,16.6666666666667,4,39.5475,17.4666666666667,0
594,0.933333333333333,5,44.974,17.4666666666667,0
595,17.4666666666667,1,21.54,17.4666666666667,0
596,9.9,3,31.91,17.4666666666667,0
597,17.4666666666667,1,12.97,17.4666666666667,0
598,17.4666666666667,1,25.14,17.4666666666667,0
599,17.4333333333333,1,23.54,17.4333333333333,0
600,15.6666666666667,2,34.81,17.4333333333333,0
601,5.03333333333333,6,47.455,17.4333333333333,0
602,17.4,1,86.02,17.4,0
603,9.4,3,21.3166666666667,17.4333333333333,0
604,17.4333333333333,1,42.31,17.4333333333333,0
605,17.4333333333333,3,14.5666666666667,17.4333333333333,0
606,17.4333333333333,1,80.59,17.4333333333333,0
607,17.4333333333333,1,78.7,17.4333333333333,0
608,4.1,8,22.685,17.4333333333333,1
609,4.36666666666667,3,40.9866666666667,17.4333333333333,0
610,17.4333333333333,1,26.07,17.4333333333333,0
611,3.8,5,13.234,17.4333333333333,0
612,17.4333333333333,1,15.96,17.4333333333333,0
613,4.53333333333333,7,56.0714285714286,17.4333333333333,0
614,17.2666666666667,1,3.99,17.2666666666667,0
615,3.1,4,34.595,17.4333333333333,0
616,11.2,2,27.125,17.4333333333333,0
617,16.1666666666667,2,50.47,17.4333333333333,0
618,17.4333333333333,1,43.09,17.4333333333333,0
619,15.7333333333333,2,56.76,17.4333333333333,0
620,17.4333333333333,1,38.99,17.4333333333333,0
621,12.4333333333333,2,48.62,17.3,0
622,17.4333333333333,1,197.79,17.4333333333333,0
623,17.4333333333333,1,11.77,17.4333333333333,0
624,17.4333333333333,2,24.49,17.4333333333333,0
625,17.4333333333333,1,13.97,17.4333333333333,0
626,17.4333333333333,1,26.14,17.4333333333333,0
627,17.3666666666667,1,30.32,17.3666666666667,0
628,5.73333333333333,16,65.03,16.5333333333333,1
629,17.4,1,13.97,17.4,0
630,17.4,1,38.5,17.4,0
631,17.4,1,12.77,17.4,0
632,17.4,1,34.54,17.4,0
633,1.13333333333333,8,18.08625,17.2666666666667,0
634,10.6333333333333,2,18.53,17.4,0
635,3.3,9,38.8077777777778,17.4,0
636,17.4,1,11.77,17.4,0
637,17.4,1,19.77,17.4,0
638,3.36666666666667,7,48.6871428571429,17.4,1
639,17.4,1,14.79,17.4,0
640,3.73333333333333,4,17.2375,17.4,0
641,7.43333333333333,5,9.702,17.4,0
642,8.26666666666667,2,86.49,17.4,0
643,12.4,5,31.164,17.4,0
644,4.93333333333333,2,124.52,17.4,0
645,17.4,1,71.62,17.4,0
646,10.4,4,20.02,17.4,0
647,17.4,1,77.24,17.4,0
648,10.1,2,21.555,17.4,0
649,17.4,1,14.96,17.4,0
650,6.66666666666667,6,37.4466666666667,16.9333333333333,0
651,14.2333333333333,3,21.4766666666667,17.4,0
652,12.2666666666667,3,41.3733333333333,17.4,0
653,17.4,1,34.75,17.4,0
654,5.2,3,14.2433333333333,15.4666666666667,0
655,17.3666666666667,1,24.99,17.3666666666667,0
656,17.3666666666667,1,39.48,17.3666666666667,0
657,16.4666666666667,3,20.8133333333333,17.3666666666667,0
658,17.3666666666667,1,59.26,17.3666666666667,0
659,17.3666666666667,1,14.96,17.3666666666667,0
660,15.5333333333333,2,19.97,17.3666666666667,0
661,17.3666666666667,1,15.76,17.3666666666667,0
662,11.8,2,20.87,17.3666666666667,0
663,17.3666666666667,1,73.95,17.3666666666667,0
664,14.7666666666667,4,38.475,17.3666666666667,0
665,17.3666666666667,1,14.37,17.3666666666667,0
666,17.3666666666667,1,24.98,17.3666666666667,0
667,17.3666666666667,1,9.77,17.3666666666667,0
668,17.3666666666667,1,15.36,17.3666666666667,0
669,16.8666666666667,1,14.37,16.8666666666667,0
670,17.3333333333333,1,73.97,17.3333333333333,0
671,3.13333333333333,4,29.7575,17.3666666666667,0
672,17.3666666666667,1,13.97,17.3666666666667,0
673,17.3666666666667,1,14.37,17.3666666666667,0
674,16.7333333333333,2,43.985,17.3666666666667,0
675,17.3666666666667,1,14.99,17.3666666666667,0
676,17.3666666666667,1,53.29,17.3666666666667,0
677,17.3666666666667,1,15.36,17.3666666666667,0
678,17.3333333333333,1,15.36,17.3333333333333,0
679,0.266666666666667,10,43.486,17.3333333333333,1
680,17.3333333333333,1,6.79,17.3333333333333,0
681,10.7,5,18.076,17.3333333333333,0
682,15.8333333333333,1,25.74,15.8333333333333,0
683,5.16666666666667,2,88.475,17.3333333333333,0
684,17.0666666666667,1,47.3,17.0666666666667,0
685,1.7,3,21.4466666666667,17.3333333333333,0
686,17.3333333333333,1,11.77,17.3333333333333,0
687,17.3333333333333,1,24.74,17.3333333333333,0
688,6.33333333333333,5,14.932,17.3333333333333,0
689,17.3,1,5.78,17.3,0
690,2.53333333333333,6,19.8783333333333,17.3333333333333,0
691,3.4,3,24.3933333333333,17.3333333333333,0
692,7.26666666666667,3,39.31,17.3333333333333,0
693,17.3333333333333,1,9.77,17.3333333333333,0
694,17.3333333333333,1,28.74,17.3333333333333,0
695,17.3333333333333,1,14.37,17.3333333333333,0
696,10.0666666666667,6,26.4516666666667,17.3333333333333,0
697,15.9666666666667,2,21.645,17.3333333333333,0
698,3.23333333333333,2,69.25,17.3333333333333,0
699,17.3333333333333,1,37.03,17.3333333333333,0
700,15.6666666666667,2,27.6,17.3333333333333,0
701,15.4,3,39.6633333333333,17.3333333333333,0
702,9.46666666666667,2,22.155,17.3333333333333,0
703,17.3333333333333,1,24.74,17.3333333333333,0
704,17.3333333333333,1,23.98,17.3333333333333,0
705,17.3333333333333,1,23.54,17.3333333333333,0
706,1.76666666666667,2,8.63,17.3333333333333,0
707,9.46666666666667,9,29.7544444444444,17.3,0
708,16.2666666666667,2,48.805,17.3,0
709,17.3,1,28.99,17.3,0
710,2.23333333333333,10,33.238,17.3,1
711,15.4,2,24.735,17.3,0
712,1.03333333333333,7,55.5057142857143,17.3,0
713,17.3,1,32.29,17.3,0
714,6.8,7,57.1657142857143,17.3,0
715,11.9333333333333,7,77.9242857142857,17.3,0
716,17.3,1,58.31,17.3,0
717,12.5333333333333,2,10.875,17.3,0
718,17.3,1,5.99,17.3,0
719,13.5,3,29.5433333333333,17.3,0
720,1.93333333333333,13,20.0638461538462,17.3,1
721,17.3,1,28.74,17.3,0
722,10.7666666666667,2,11.63,17.3,0
723,17.3,1,31.54,17.3,0
724,17.3,1,24.99,17.3,0
725,17.3,1,14.96,17.3,0
726,17.3,1,27.94,17.3,0
727,6.86666666666667,3,26.65,17,0
728,17.3,1,19.99,17.3,0
729,17.3,1,11.77,17.3,0
730,5.7,2,37.975,17.2666666666667,0
731,3.66666666666667,3,28.8066666666667,17.3,0
732,15.9,2,18.465,17.3,0
733,17.3,1,32.6,17.3,0
734,3.36666666666667,22,37.6036363636364,17.3,1
735,17.3,1,16.36,17.3,0
736,12.2,3,95.9666666666667,17.1,0
737,17.3,1,36.48,17.3,0
738,16.4666666666667,2,23.99,17.3,0
739,7.7,5,16.488,17.2666666666667,0
740,11.9333333333333,2,116.53,17.2666666666667,0
741,17.2666666666667,1,13.99,17.2666666666667,0
742,17.2666666666667,1,33.13,17.2666666666667,0
743,7.8,4,69.9175,15.9333333333333,0
744,14.6666666666667,2,12.375,17.2666666666667,0
745,17,1,51.38,17,0
746,17.2666666666667,1,21.99,17.2666666666667,0
747,16.1,1,25.54,16.1,0
748,13.8333333333333,4,43.3025,17.1,0
749,17.2333333333333,1,15.36,17.2333333333333,0
750,16.3333333333333,2,24.76,17.2666666666667,0
751,17.1333333333333,2,22.185,17.2666666666667,0
752,17.2666666666667,1,12.49,17.2666666666667,0
753,14.8666666666667,2,25.645,16.9,0
754,17.2666666666667,1,25.76,17.2666666666667,0
755,17.2666666666667,1,19.99,17.2666666666667,0
756,2.46666666666667,6,21.585,17.2666666666667,0
757,0.1,12,18.3708333333333,17.2666666666667,1
758,16.8666666666667,2,22.365,17.2666666666667,0
759,17.2333333333333,1,14.96,17.2333333333333,0
760,15,3,60.2666666666667,17.2666666666667,0
761,0.233333333333333,3,44.9066666666667,17.2666666666667,0
762,3.93333333333333,3,16.1466666666667,17.2666666666667,0
763,2.5,4,22.1825,17.2666666666667,0
764,17.2666666666667,1,67.47,17.2666666666667,0
765,7.13333333333333,9,14.1055555555556,17.2666666666667,1
766,17.2666666666667,1,15.36,17.2666666666667,0
767,16.5666666666667,1,50.94,16.5666666666667,0
768,17.2666666666667,1,6.79,17.2666666666667,0
769,17.2666666666667,1,57.09,17.2666666666667,0
770,17.2666666666667,1,26.14,17.2666666666667,0
771,17.2666666666667,1,27.13,17.2666666666667,0
772,12.5333333333333,4,43.665,17.2666666666667,0
773,17.2666666666667,1,30.13,17.2666666666667,0
774,13.3,6,54.4633333333333,17.2666666666667,0
775,17.2666666666667,1,24.94,17.2666666666667,0
776,17.2333333333333,1,20.54,17.2333333333333,0
777,8.4,2,117.06,17.2333333333333,0
778,16.8,1,53.98,16.8,0
779,17.2333333333333,1,6.79,17.2333333333333,0
780,17.2333333333333,1,44.98,17.2333333333333,0
781,4.13333333333333,3,21.8333333333333,17.2333333333333,0
782,17.2333333333333,1,11.77,17.2333333333333,0
783,1.9,3,22.8533333333333,17.2333333333333,0
784,17.2333333333333,1,5.98,17.2333333333333,0
785,4.16666666666667,4,13.9825,17.2333333333333,0
786,17.2333333333333,1,40.73,17.2333333333333,0
787,5.96666666666667,5,14.322,17.2333333333333,0
788,17.2333333333333,1,19.98,17.2333333333333,0
789,2.8,14,41.1021428571429,17.1666666666667,1
790,1.8,5,130.098,17.2333333333333,1
791,17.2333333333333,1,11.77,17.2333333333333,0
792,17.2333333333333,1,39.98,17.2333333333333,0
793,11.2,3,39.32,17.1666666666667,0
794,15.5666666666667,2,9.64,17.2333333333333,0
795,17.1,1,23.36,17.1,0
796,7.96666666666667,13,68.8784615384615,17.2333333333333,1
797,17.2333333333333,1,15.36,17.2333333333333,0
798,17.2333333333333,1,54.98,17.2333333333333,0
799,17.2333333333333,1,16,17.2333333333333,0
800,17.2333333333333,1,19.99,17.2333333333333,0
801,5.2,5,14.05,17.2333333333333,0
802,13.2333333333333,4,24.6375,17.2333333333333,0
803,17.2333333333333,1,21.97,17.2333333333333,0
804,17.2333333333333,1,23.54,17.2333333333333,0
805,6.86666666666667,8,92.09625,17.2,1
806,4.43333333333333,7,20.7314285714286,17.2,1
807,0.0333333333333333,3,129.813333333333,17.2,0
808,17.2,1,88.7,17.2,0
809,17.2,1,45.28,17.2,0
810,17.2,1,8.97,17.2,0
811,16.8666666666667,1,39.75,16.8666666666667,0
812,0.166666666666667,3,10.52,17.2,0
813,17.2,1,76.8,17.2,0
814,17.2,1,14.97,17.2,0
815,16.3333333333333,2,29.33,17.2,0
816,17.2,1,26.73,17.2,0
817,17.2,1,16.96,17.2,0
818,17.2,1,11.77,17.2,0
819,17.2,1,104.29,17.2,0
820,7.4,3,17.87,17.2,0
821,17.1333333333333,2,19.475,17.2,0
822,15.0333333333333,4,12.265,17.2,0
823,15.1666666666667,2,37.21,17.2,0
824,17.2,1,9.98,17.2,0
825,17.2,1,14.96,17.2,0
826,17.2,1,11.77,17.2,0
827,17.1666666666667,1,8.97,17.1666666666667,0
828,2.93333333333333,2,21.22,16.1333333333333,0
829,17.1666666666667,1,4.79,17.1666666666667,0
830,17.1666666666667,1,66.26,17.1666666666667,0
831,17.1666666666667,1,31.35,17.1666666666667,0
832,17.1666666666667,1,14.37,17.1666666666667,0
833,17.1666666666667,1,117.74,17.1666666666667,0
834,1.53333333333333,3,14.8233333333333,17.1666666666667,0
835,2.26666666666667,4,33.84,17.1666666666667,0
836,16.6666666666667,2,49.485,17.1666666666667,0
837,9.96666666666667,7,12.9471428571429,17.1666666666667,0
838,17.1666666666667,1,38.99,17.1666666666667,0
839,15.8,2,56.335,17.1666666666667,0
840,17.1666666666667,1,19.77,17.1666666666667,0
841,3.6,4,92.2025,17.1666666666667,0
842,1.46666666666667,2,24.75,17.1666666666667,0
843,17.1666666666667,1,11.77,17.1666666666667,0
844,1.9,13,117.349230769231,17.1666666666667,1
845,0.366666666666667,33,33.7151515151515,17.1333333333333,1
846,15.8333333333333,12,20.7191666666667,17.1333333333333,0
847,17.1666666666667,1,14.37,17.1666666666667,0
848,17.1666666666667,1,16.76,17.1666666666667,0
849,17.1666666666667,1,15.96,17.1666666666667,0
850,5.5,4,27.1425,17.1666666666667,0
851,17.1666666666667,1,23.54,17.1666666666667,0
852,17.1666666666667,1,27.85,17.1666666666667,0
853,17,1,182.02,17,0
854,17.1666666666667,1,32.97,17.1666666666667,0
855,17.1666666666667,1,26.67,17.1666666666667,0
856,0.1,9,34.0677777777778,17.1666666666667,1
857,4.23333333333333,5,37.046,15.7,0
858,17.1333333333333,1,29.67,17.1333333333333,0
859,17.1333333333333,1,14.37,17.1333333333333,0
860,17.1,1,261.79,17.1,0
861,9.66666666666667,4,35.7325,17.1333333333333,0
862,17.1333333333333,1,68.51,17.1333333333333,0
863,11.9666666666667,2,13.565,17.1333333333333,0
864,17.1333333333333,1,12.97,17.1333333333333,0
865,16.0333333333333,2,59.545,17.1333333333333,0
866,12.5333333333333,2,13.365,17.1333333333333,0
867,16.9333333333333,3,53.6666666666667,17.1333333333333,0
868,17.1333333333333,1,22,17.1333333333333,0
869,1.83333333333333,9,148.394444444444,16.1666666666667,1
870,17.1333333333333,1,45.53,17.1333333333333,0
871,17.1333333333333,1,58.53,17.1333333333333,0
872,15.2,2,16.98,17.1333333333333,0
873,17.1333333333333,1,12.49,17.1333333333333,0
874,17.1333333333333,1,33.7,17.1333333333333,0
875,12.2,2,27.635,17.1333333333333,0
876,11.5666666666667,2,17.86,17.1333333333333,0
877,17.1333333333333,1,17.96,17.1333333333333,0
878,17.1333333333333,1,18.54,17.1333333333333,0
879,3.4,2,16.235,17.1333333333333,0
880,17.1333333333333,1,129.98,17.1333333333333,0
881,9.9,3,13.4,17.1333333333333,0
882,17,2,12.97,17.1333333333333,0
883,17.1333333333333,1,61.45,17.1333333333333,0
884,7.63333333333333,2,21.31,17.1333333333333,0
885,0.8,6,32.895,17.1333333333333,1
886,17.1,1,11.77,17.1,0
887,15.5666666666667,2,34.955,17.1,0
888,17.1,1,119.57,17.1,0
889,17.1,1,43.3,17.1,0
890,3.26666666666667,11,31.3727272727273,16.4,1
891,17.1,1,26.14,17.1,0
892,2.36666666666667,4,43.825,17.1,0
893,17.1,1,54.77,17.1,0
894,13.8,2,17.755,16.3,0
895,2.73333333333333,7,41.8571428571429,17.1,0
896,17.1,1,13.7,17.1,0
897,16.7666666666667,2,51.415,17.1,0
898,17.1,1,10.78,17.1,0
899,17.1,1,29.58,17.1,0
900,5.76666666666667,5,27.64,17.1,0
901,17.1,1,57.54,17.1,0
902,17.1,1,11.77,17.1,0
903,17.1,1,10.77,17.1,0
904,13.6333333333333,2,34.315,17.1,0
905,17.1,1,28.99,17.1,0
906,1.46666666666667,22,25.6531818181818,17.1,1
907,17.1,1,50,17.1,0
908,17.1,1,15.36,17.1,0
909,3.96666666666667,3,12.6166666666667,17.1,0
910,17.1,1,15.36,17.1,0
911,17.1,1,29.73,17.1,0
912,2.73333333333333,2,23.76,17.0333333333333,0
913,17.0666666666667,2,12.765,17.1,0
914,17.1,1,14.96,17.1,0
915,17.1,1,9.77,17.1,0
916,10.6333333333333,2,51.425,17.1,0
917,17.0666666666667,1,32.32,17.0666666666667,0
918,1.83333333333333,7,17.2485714285714,17.0666666666667,0
919,17.0666666666667,1,29.92,17.0666666666667,0
920,0.5,3,22.91,17.0666666666667,0
921,13.5,2,22.44,17.0666666666667,0
922,17.0666666666667,1,27.76,17.0666666666667,0
923,17,1,26.95,17,0
924,17.0666666666667,1,23.54,17.0666666666667,0
925,3.9,8,55.5575,17.0666666666667,1
926,6.96666666666667,2,23.13,17.0666666666667,0
927,17.0666666666667,1,42.98,17.0666666666667,0
928,13.8666666666667,2,33.295,17.0666666666667,0
929,17.0666666666667,1,6.79,17.0666666666667,0
930,17.0666666666667,1,19.99,17.0666666666667,0
931,17.0666666666667,1,15.36,17.0666666666667,0
932,11.5,2,47,17.0666666666667,0
933,17.0666666666667,1,11.58,17.0666666666667,0
934,17.0666666666667,1,19.99,17.0666666666667,0
935,17.0666666666667,1,30.33,17.0666666666667,0
936,13.6333333333333,6,9.21166666666667,17.0666666666667,0
937,14.6666666666667,3,14.3,17.0666666666667,0
938,0.2,4,13.075,17.0666666666667,0
939,2.06666666666667,5,33.264,17.0666666666667,0
940,17.0666666666667,1,52.77,17.0666666666667,0
941,16.9,1,11.77,16.9,0
942,0.9,3,49.2833333333333,17.0666666666667,0
943,2.86666666666667,2,18.43,17.0666666666667,0
944,16.5333333333333,2,33.42,17.0666666666667,0
945,17.0666666666667,1,15.76,17.0666666666667,0
946,8.83333333333333,2,44.72,17.0666666666667,0
947,17.0666666666667,1,14.77,17.0666666666667,0
948,6.86666666666667,10,22.128,17.0666666666667,1
949,2.53333333333333,6,22.2516666666667,17.0666666666667,0
950,7.8,3,193.97,17.0666666666667,0
951,17.0666666666667,1,11.77,17.0666666666667,0
952,17.0666666666667,1,4.79,17.0666666666667,0
953,17.0333333333333,1,37.56,17.0333333333333,0
954,13.3666666666667,2,64.655,17.0333333333333,0
955,17.0333333333333,1,13.77,17.0333333333333,0
956,16.9333333333333,1,11.77,16.9333333333333,0
957,16.6,1,493.91,16.6,0
958,17.0333333333333,1,12.77,17.0333333333333,0
959,17.0333333333333,1,8.77,17.0333333333333,0
960,17.0333333333333,1,13.97,17.0333333333333,0
961,2.33333333333333,7,52.4157142857143,17.0333333333333,1
962,17.0333333333333,1,65.64,17.0333333333333,0
963,17.0333333333333,1,14.37,17.0333333333333,0
964,0.866666666666667,4,17.63,17.0333333333333,0
965,5.9,4,49.5,17,0
966,17.0333333333333,1,29.92,17.0333333333333,0
967,17.0333333333333,1,37.47,17.0333333333333,0
968,15.1666666666667,2,27.35,15.9333333333333,0
969,0.866666666666667,4,21.32,17.0333333333333,0
970,3.96666666666667,3,15.2,17.0333333333333,0
971,17.0333333333333,1,13.97,17.0333333333333,0
972,10.9333333333333,5,27.826,17.0333333333333,0
973,17.0333333333333,1,14.37,17.0333333333333,0
974,1.3,5,20.59,17.0333333333333,0
975,11.6666666666667,2,24.855,17.0333333333333,0
976,17.0333333333333,1,29.92,17.0333333333333,0
977,16.4333333333333,2,16.43,17.0333333333333,0
978,17.0333333333333,1,39.14,17.0333333333333,0
979,16.1666666666667,2,13.88,17.0333333333333,0
980,17,1,15.9,17,0
981,4.13333333333333,6,25.7766666666667,17,0
982,17,1,18.36,17,0
983,15.5666666666667,2,22.815,17,0
984,1.83333333333333,13,17.5692307692308,17,1
985,16.7333333333333,2,22.84,17,0
986,17,1,52.48,17,0
987,16.4666666666667,2,133.425,17,0
988,17,1,11.77,17,0
989,17,1,30.93,17,0
990,11.4,5,104.344,17,0
991,0.5,2,14.925,17,0
992,15.4333333333333,2,12.64,17,0
993,17,1,19.99,17,0
994,17,1,77.21,17,0
995,17,1,40.97,17,0
996,17,1,13.97,17,0
997,6.8,3,28.8033333333333,17,0
998,17,1,18.99,17,0
999,0.9,12,27.7108333333333,17,1
1000,5.43333333333333,3,26.3266666666667,17,0
1001,5.13333333333333,2,26.915,17,0
1002,3.33333333333333,11,34.4054545454545,17,1
1003,0.1,4,30.2325,17,0
1004,2,9,37.7511111111111,17,0
1005,17,1,9.77,17,0
1006,13.6666666666667,3,16.8233333333333,17,0
1007,17,1,96.29,17,0
1008,12.9333333333333,2,33.75,17,0
1009,17,1,31.52,17,0
1010,9.9,8,39.96875,17,0
1011,17,1,14.96,17,0
1012,5.46666666666667,4,41.8675,17,0
1013,17,1,15.36,17,0
1014,15.8,1,15.36,15.8,0
1015,3.53333333333333,5,15.148,17,0
1016,13.2333333333333,3,35.7,16.9666666666667,0
1017,17,1,113.94,17,0
1018,16.7,1,44.77,16.7,0
1019,8.9,4,24.455,16.9666666666667,0
1020,5.9,2,14.73,16.9666666666667,0
1021,13.8,2,22.77,15.8666666666667,0
1022,16.9666666666667,1,13.97,16.9666666666667,0
1023,1.23333333333333,8,34.61875,16.9666666666667,1
1024,16.9666666666667,1,28.93,16.9666666666667,0
1025,16.9666666666667,1,28.34,16.9666666666667,0
1026,12.3,2,29.43,16.9666666666667,0
1027,15.9333333333333,1,10.77,15.9333333333333,0
1028,16.9666666666667,1,39.98,16.9666666666667,0
1029,6.83333333333333,4,17.7,16.8333333333333,0
1030,0.7,7,71.9171428571429,16.9666666666667,1
1031,16.9666666666667,1,13.97,16.9666666666667,0
1032,16.5,1,72.5,16.5,0
1033,16.9666666666667,1,49.68,16.9666666666667,0
1034,16.9666666666667,1,30.31,16.9666666666667,0
1035,4.2,4,51.97,16.9666666666667,0
1036,12,6,128.138333333333,16.9333333333333,0
1037,16.8666666666667,1,57.9,16.8666666666667,0
1038,16.9666666666667,1,29.73,16.9666666666667,0
1039,16.9666666666667,1,45.68,16.9666666666667,0
1040,16.9666666666667,1,11.77,16.9666666666667,0
1041,16.9666666666667,1,28.76,16.9666666666667,0
1042,16.5666666666667,2,10.78,16.9666666666667,0
1043,1.76666666666667,8,19.62,16.9666666666667,1
1044,16.9666666666667,1,38.77,16.9666666666667,0
1045,15.4333333333333,3,17.0133333333333,16.8333333333333,0
1046,16.9666666666667,1,11.77,16.9666666666667,0
1047,10.7333333333333,2,63.825,16.9666666666667,0
1048,16.9666666666667,1,27.94,16.9666666666667,0
1049,16.0666666666667,2,21.645,16.9666666666667,0
1050,16.9666666666667,1,14.37,16.9666666666667,0
1051,3.6,7,39.7571428571429,16.9333333333333,1
1052,6.96666666666667,2,21.49,16.9333333333333,0
1053,3.23333333333333,11,35.3181818181818,16.2333333333333,1
1054,3.53333333333333,2,14.195,16.9333333333333,0
1055,16.9333333333333,1,32.99,16.9333333333333,0
1056,10.8666666666667,4,36.425,16.9333333333333,0
1057,6.9,2,84.565,16.9,0
1058,16.9333333333333,1,28.74,16.9333333333333,0
1059,0.233333333333333,27,15.142962962963,16.9333333333333,1
1060,1.33333333333333,5,47.922,16.9333333333333,1
1061,16.9333333333333,1,9.97,16.9333333333333,0
1062,16.9333333333333,1,17.7,16.9333333333333,0
1063,11.9333333333333,3,33.4466666666667,16.9333333333333,0
1064,16.9333333333333,1,19.97,16.9333333333333,0
1065,16.9333333333333,1,11.77,16.9333333333333,0
1066,16.9333333333333,1,28.67,16.9333333333333,0
1067,2.5,4,34.05,16.9333333333333,0
1068,16.9333333333333,1,15.96,16.9333333333333,0
1069,16.9333333333333,1,17.99,16.9333333333333,0
1070,8.4,2,17.72,16.9333333333333,0
1071,16.9333333333333,1,43.99,16.9333333333333,0
1072,16.9333333333333,1,11.77,16.9333333333333,0
1073,16.9333333333333,1,153.16,16.9333333333333,0
1074,16.9333333333333,1,12.97,16.9333333333333,0
1075,0.433333333333333,4,22.7375,16.9333333333333,0
1076,12.7,4,14.3175,16.9,0
1077,16.9333333333333,1,14.37,16.9333333333333,0
1078,16.9333333333333,1,17.9,16.9333333333333,0
1079,16.9333333333333,1,20.99,16.9333333333333,0
1080,5.3,8,28.325,16.9333333333333,1
1081,16.9,1,12.49,16.9,0
1082,1.2,19,22.2315789473684,16.8,1
1083,9.13333333333333,2,16.13,16.9,0
1084,16.9,1,9.99,16.9,0
1085,16.7666666666667,2,88.005,16.9,0
1086,16.9,1,50.88,16.9,0
1087,16.9,1,44.7,16.9,0
1088,16.9,1,9.97,16.9,0
1089,16.9,1,15.36,16.9,0
1090,15.5333333333333,1,112.2,15.5333333333333,0
1091,7.63333333333333,7,27.0185714285714,16.9,1
1092,0.666666666666667,5,51.242,16.9,0
1093,16.9,1,61.47,16.9,0
1094,4.16666666666667,4,15.955,16.9,0
1095,16.9,1,28.99,16.9,0
1096,15.9333333333333,3,16.5766666666667,16.8666666666667,0
1097,0.133333333333333,11,42.5563636363636,16.9,1
1098,16.9,1,42.9,16.9,0
1099,5.6,6,54.5533333333333,16.9,1
1100,16.8666666666667,3,54.2166666666667,16.9,0
1101,16.9,1,57.59,16.9,0
1102,16.9,1,9.77,16.9,0
1103,13.8333333333333,4,24.3475,16.9,0
1104,16.9,1,13.97,16.9,0
1105,16.9,1,86.6,16.9,0
1106,16.9,1,27.94,16.9,0
1107,16.9,1,20.99,16.9,0
1108,16.8666666666667,1,21.76,16.8666666666667,0
1109,6.66666666666667,3,12.41,16,0
1110,16.8666666666667,1,27.73,16.8666666666667,0
1111,16.8666666666667,1,15.36,16.8666666666667,0
1112,2.96666666666667,4,15.24,16.8666666666667,0
1113,12.3666666666667,4,18.805,16.8666666666667,0
1114,16.7666666666667,1,50.76,16.7666666666667,0
1115,16.8666666666667,1,15.36,16.8666666666667,0
1116,16.8666666666667,1,22.74,16.8666666666667,0
1117,16.8666666666667,1,40.7,16.8666666666667,0
1118,16.8666666666667,1,0,16.8666666666667,0
1119,7.83333333333333,4,30.165,16.1333333333333,0
1120,1.5,17,95.5905882352941,16.8666666666667,1
1121,16.8666666666667,1,13.97,16.8666666666667,0
1122,16.8666666666667,1,13.97,16.8666666666667,0
1123,16.3333333333333,3,36.1466666666667,16.8666666666667,0
1124,16.8666666666667,1,27.3,16.8666666666667,0
1125,3.83333333333333,5,75.622,16.4333333333333,1
1126,12.4333333333333,2,18.485,16.8666666666667,0
1127,16.8666666666667,1,26.98,16.8666666666667,0
1128,3.66666666666667,17,55.3223529411765,16.8666666666667,1
1129,3.93333333333333,3,14.4466666666667,16.8333333333333,0
1130,16.8666666666667,1,11.77,16.8666666666667,0
1131,16.8666666666667,1,12.97,16.8666666666667,0
1132,12.4333333333333,2,11.975,16.8666666666667,0
1133,16.8666666666667,1,12.49,16.8666666666667,0
1134,14.0666666666667,4,23.1675,16.8666666666667,0
1135,16.8666666666667,1,12.49,16.8666666666667,0
1136,10.3333333333333,3,27.5933333333333,16.8666666666667,0
1137,16.8333333333333,1,6.79,16.8333333333333,0
1138,16.8666666666667,1,37.71,16.8666666666667,0
1139,16.4,2,22.45,16.8666666666667,0
1140,16.8666666666667,1,15.54,16.8666666666667,0
1141,11.0333333333333,5,15.494,16.8666666666667,0
1142,1.73333333333333,4,191.6425,16.8333333333333,0
1143,16.8333333333333,1,50.5,16.8333333333333,0
1144,16.8333333333333,1,33.31,16.8333333333333,0
1145,16.8333333333333,1,38.33,16.8333333333333,0
1146,14.8333333333333,2,66.945,16.8333333333333,0
1147,3.23333333333333,5,16.488,16.8333333333333,0
1148,16.8333333333333,1,12.97,16.8333333333333,0
1149,16.8333333333333,1,26.53,16.8333333333333,0
1150,2,4,13.3225,16.8333333333333,0
1151,16.6333333333333,2,56.68,16.8333333333333,0
1152,1,11,23.9536363636364,16.8333333333333,1
1153,16.8333333333333,1,15.96,16.8333333333333,0
1154,16.8333333333333,1,16.7,16.8333333333333,0
1155,16.8,1,11.78,16.8,0
1156,0.566666666666667,7,34.8514285714286,16.7333333333333,0
1157,0.666666666666667,9,40.4722222222222,16.8333333333333,1
1158,16.8333333333333,1,33.94,16.8333333333333,0
1159,16.8333333333333,1,15.96,16.8333333333333,0
1160,16.5333333333333,2,52.975,16.8333333333333,0
1161,16.8333333333333,1,13.97,16.8333333333333,0
1162,2.83333333333333,7,41.5157142857143,16.8333333333333,0
1163,16.8333333333333,1,25.74,16.8333333333333,0
1164,16.4,1,15.36,16.4,0
1165,16.2666666666667,2,12.87,16.8333333333333,0
1166,14.5666666666667,4,52.195,16.8333333333333,0
1167,5,16,42.883125,16.8333333333333,1
1168,3.13333333333333,4,47.2325,16.8333333333333,0
1169,16.8333333333333,1,23.09,16.8333333333333,0
1170,1.1,13,34.6292307692308,16.8333333333333,1
1171,16.8333333333333,1,15.96,16.8333333333333,0
1172,16.8333333333333,1,44.98,16.8333333333333,0
1173,16.8333333333333,1,25.74,16.8333333333333,0
1174,0.466666666666667,19,47.0152631578947,16.8,1
1175,6.6,6,58.8383333333333,16.8,0
1176,16.8,1,14.96,16.8,0
1177,4.7,8,24.0975,16.7333333333333,1
1178,12.4,2,29.455,16.8,0
1179,7.8,2,43.72,16.8,0
1180,16.6333333333333,2,21.15,16.8,0
1181,16.8,1,11.99,16.8,0
1182,16.8,1,39.7,16.8,0
1183,16.8,1,75.97,16.8,0
1184,16.8,1,11.77,16.8,0
1185,14.8,4,18.4375,16.8,0
1186,16.8,1,19.54,16.8,0
1187,16.8,1,16.36,16.8,0
1188,16.8,1,9.77,16.8,0
1189,16.8,1,29.99,16.8,0
1190,16.8,1,42.77,16.8,0
1191,13.9666666666667,2,97.625,16.8,0
1192,16.8,1,24.98,16.8,0
1193,16.6666666666667,2,22.645,16.8,0
1194,16.8,1,9.77,16.8,0
1195,16.8,1,9.97,16.8,0
1196,16.8,1,14.37,16.8,0
1197,5.3,11,37.4972727272727,16.7666666666667,1
1198,16.7666666666667,1,19.99,16.7666666666667,0
1199,16.7666666666667,1,32.72,16.7666666666667,0
1200,16.7666666666667,1,49.99,16.7666666666667,0
1201,12.6333333333333,2,35.225,15.4666666666667,0
1202,0.566666666666667,6,30.4333333333333,16.7666666666667,1
1203,16.7666666666667,1,77.42,16.7666666666667,0
1204,0.233333333333333,17,30.6617647058824,16.7666666666667,0
1205,3.16666666666667,2,16.975,16.7666666666667,0
1206,5.8,3,11.0766666666667,16.7666666666667,0
1207,16.7666666666667,1,15.96,16.7666666666667,0
1208,16.1333333333333,2,53.245,16.7666666666667,0
1209,16.7666666666667,1,12.97,16.7666666666667,0
1210,15.3666666666667,4,14.095,16.7666666666667,0
1211,16.7666666666667,1,28.74,16.7666666666667,0
1212,16.7666666666667,1,12.49,16.7666666666667,0
1213,5.86666666666667,7,78.3785714285714,16.0666666666667,0
1214,16.7666666666667,1,59.28,16.7666666666667,0
1215,16.7666666666667,1,10.97,16.7666666666667,0
1216,16.7666666666667,1,5.78,16.7666666666667,0
1217,14.7,2,30.1,16.7666666666667,0
1218,16.7666666666667,1,13.97,16.7666666666667,0
1219,0.6,3,26.8066666666667,16.7666666666667,0
1220,0.566666666666667,14,35.6471428571429,16.7666666666667,1
1221,16.7666666666667,2,11.38,16.7666666666667,0
1222,9.7,2,32.85,16.7333333333333,0
1223,16.7333333333333,1,14.37,16.7333333333333,0
1224,1.53333333333333,9,27.8122222222222,16.7333333333333,1
1225,6.6,3,25.4033333333333,16.7333333333333,0
1226,0.9,5,29.258,16.7333333333333,0
1227,16.5333333333333,2,42.305,16.7333333333333,0
1228,16.3333333333333,1,64.74,16.3333333333333,0
1229,16.7333333333333,1,21.95,16.7333333333333,0
1230,16.7333333333333,1,15.36,16.7333333333333,0
1231,16.4666666666667,3,45.6733333333333,16.7333333333333,0
1232,2.1,10,19.225,16.6666666666667,1
1233,0.733333333333333,4,15.0025,16.7333333333333,0
1234,16.7333333333333,1,0,16.7333333333333,0
1235,16.6,1,23.94,16.6,0
1236,16.7333333333333,1,15.96,16.7333333333333,0
1237,16.7333333333333,1,41.54,16.7333333333333,0
1238,16.6666666666667,1,52.87,16.6666666666667,0
1239,16.6,2,24.74,16.7333333333333,0
1240,8.9,10,25.486,16.7333333333333,0
1241,16.7333333333333,1,25.94,16.7333333333333,0
1242,0.7,17,35.8129411764706,16.7333333333333,1
1243,16.7333333333333,1,14.99,16.7333333333333,0
1244,0.166666666666667,47,32.7187234042553,16.7333333333333,1
1245,16.7333333333333,1,14.96,16.7333333333333,0
1246,16.7333333333333,1,34.97,16.7333333333333,0
1247,16.7333333333333,1,26.57,16.7333333333333,0
1248,16.6666666666667,2,52.17,16.7333333333333,0
1249,16.7,1,67.51,16.7,0
1250,4.33333333333333,7,16.1057142857143,16.6666666666667,1
1251,16.7,1,25.74,16.7,0
1252,8.13333333333333,2,38.35,16.7,0
1253,3.93333333333333,3,53.0933333333333,16.7,0
1254,16.7,1,35.31,16.7,0
1255,16.7,1,49.99,16.7,0
1256,4.3,2,20.165,16.7,0
1257,16.7,1,101.11,16.7,0
1258,15.2666666666667,2,21.475,16.7,0
1259,16.7,1,14.37,16.7,0
1260,16.7,1,14.37,16.7,0
1261,1.13333333333333,3,51.9366666666667,16.7,0
1262,16.6666666666667,1,86.52,16.6666666666667,0
1263,16.5666666666667,2,20.615,16.5666666666667,0
1264,8.66666666666667,2,16.24,16.7,0
1265,16.7,1,29.73,16.7,0
1266,16.1,1,15.56,16.1,0
1267,16.7,1,3.99,16.7,0
1268,16.7,1,12.97,16.7,0
1269,16.7,1,37.51,16.7,0
1270,0.4,4,35.85,16.7,0
1271,1.1,7,31.2585714285714,16.7,1
1272,16.7,1,11.77,16.7,0
1273,16.7,1,15.76,16.7,0
1274,2.8,14,51.4228571428571,16.6666666666667,1
1275,16.6666666666667,1,14.37,16.6666666666667,0
1276,16.6,2,18.755,16.6333333333333,0
1277,16.4666666666667,2,23.04,16.6666666666667,0
1278,16.6666666666667,1,24.9,16.6666666666667,0
1279,1.33333333333333,5,45.038,16.6666666666667,0
1280,13.6,3,48.42,16.6666666666667,0
1281,16.6666666666667,1,12.77,16.6666666666667,0
1282,3.83333333333333,2,30.735,16.6666666666667,0
1283,13.9333333333333,2,27.335,16.3666666666667,0
1284,0.5,22,19.1922727272727,16.6666666666667,1
1285,16.6666666666667,1,32.37,16.6666666666667,0
1286,16.3666666666667,2,39.825,16.6666666666667,0
1287,2.36666666666667,15,26.174,16.6666666666667,1
1288,16.6666666666667,1,51.67,16.6666666666667,0
1289,15.8333333333333,2,14.065,16.6666666666667,0
1290,1.3,2,81.125,16.6666666666667,0
1291,14.8333333333333,2,30.025,16.6666666666667,0
1292,16.6666666666667,1,28.76,16.6666666666667,0
1293,16.6666666666667,1,11.77,16.6666666666667,0
1294,7.83333333333333,6,43.7216666666667,16.6666666666667,1
1295,16.6666666666667,1,36.31,16.6666666666667,0
1296,16.6666666666667,1,17.97,16.6666666666667,0
1297,0.7,5,33.146,16.6666666666667,0
1298,16.6666666666667,2,10.88,16.6666666666667,0
1299,16.6666666666667,1,10.77,16.6666666666667,0
1300,13.3333333333333,4,66.7725,16.6666666666667,0
1301,0.7,8,74.64125,16.6666666666667,1
1302,16.6666666666667,1,11.77,16.6666666666667,0
1303,12.0333333333333,2,14.28,16.6666666666667,0
1304,15.8666666666667,2,25.95,16.4,0
1305,10.8333333333333,7,70.0142857142857,16.6666666666667,0
1306,16.6666666666667,1,15.36,16.6666666666667,0
1307,2.76666666666667,6,15.695,16.6666666666667,1
1308,16.6333333333333,1,33.4,16.6333333333333,0
1309,15.9666666666667,2,16.36,16.6333333333333,0
1310,16.4666666666667,2,14.465,16.6333333333333,0
1311,16.6333333333333,1,40.09,16.6333333333333,0
1312,3.63333333333333,8,18.7875,16.6333333333333,0
1313,5.26666666666667,3,12.6833333333333,16.3333333333333,0
1314,4.56666666666667,5,37.692,16.6333333333333,1
1315,16.6333333333333,1,26.56,16.6333333333333,0
1316,16.6333333333333,1,13.97,16.6333333333333,0
1317,16.6333333333333,1,89.74,16.6333333333333,0
1318,16.0666666666667,3,41.5133333333333,16.6333333333333,0
1319,14.9333333333333,2,18.99,16.6333333333333,0
1320,12.9333333333333,2,29.1,16.6333333333333,0
1321,8.7,2,15.23,16.6333333333333,0
1322,16.6333333333333,1,14.79,16.6333333333333,0
1323,11.1666666666667,2,19.855,16.0333333333333,0
1324,16.6333333333333,1,11.77,16.6333333333333,0
1325,16.6,1,140.93,16.6,0
1326,11.5666666666667,3,40.48,16.6,0
1327,16.6333333333333,1,15.96,16.6333333333333,0
1328,16.3,4,27.21,16.6333333333333,0
1329,14.7,3,14.43,16.6333333333333,0
1330,16.6333333333333,1,44.69,16.6333333333333,0
1331,12.1666666666667,4,17.4775,16.6333333333333,0
1332,16.6333333333333,1,31.72,16.6333333333333,0
1333,1.03333333333333,2,33.345,16.6333333333333,0
1334,15.1666666666667,2,43.17,16.6333333333333,0
1335,0.266666666666667,18,54.1755555555556,16.6333333333333,1
1336,16.6333333333333,1,14.79,16.6333333333333,0
1337,0.4,24,26.7920833333333,16.6333333333333,1
1338,16.6333333333333,1,0,16.6333333333333,0
1339,15.2666666666667,2,16.72,16.6333333333333,0
1340,4.56666666666667,3,49.8433333333333,16.6333333333333,0
1341,0.366666666666667,8,45.825,16.6333333333333,1
1342,6.56666666666667,3,20.3366666666667,16.6333333333333,0
1343,4.1,7,28.8471428571429,16.6333333333333,1
1344,16.6333333333333,1,145.74,16.6333333333333,0
1345,16.5333333333333,1,28.93,16.5333333333333,0
1346,9.26666666666667,5,29.624,16.6333333333333,0
1347,16.6,1,16.76,16.6,0
1348,9.66666666666667,2,32.455,16.6,0
1349,16.6,1,106.18,16.6,0
1350,12.4,2,15.66,16.6,0
1351,14.7333333333333,3,130.116666666667,16.6,0
1352,16.6,1,126.37,16.6,0
1353,16.6,1,50.97,16.6,0
1354,1.73333333333333,3,13.8266666666667,16.6,0
1355,16.6,1,20.55,16.6,0
1356,16.6,1,41.9,16.6,0
1357,0.9,5,35.902,16.6,0
1358,14.4666666666667,2,44.585,16.6,0
1359,16.6,1,36.73,16.6,0
1360,16.6,1,32.72,16.6,0
1361,15.1333333333333,4,21.4475,16.6,0
1362,16.6,1,29.98,16.6,0
1363,15.7,1,19.56,15.7,0
1364,16.6,1,13.97,16.6,0
1365,16.6,1,29.27,16.6,0
1366,16.6,1,86.11,16.6,0
1367,16.6,1,29.98,16.6,0
1368,16.6,1,35.77,16.6,0
1369,0.266666666666667,3,20.5033333333333,16.6,0
1370,0.466666666666667,6,21.2333333333333,16.6,1
1371,2.03333333333333,8,32.36,16.6,1
1372,5.2,5,33.7,16.6,1
1373,16.6,1,24.99,16.6,0
1374,2.5,4,60.575,16.4,0
1375,16.6,1,11.77,16.6,0
1376,16.6,1,5.78,16.6,0
1377,15.5333333333333,2,15.3,16.6,0
1378,16.5666666666667,1,15.36,16.5666666666667,0
1379,7.66666666666667,6,23.6983333333333,16.5666666666667,1
1380,16.5666666666667,1,29.58,16.5666666666667,0
1381,16.2,2,27.94,16.5666666666667,0
1382,15.8,4,18.96,16.5666666666667,0
1383,16.4,1,42.49,16.4,0
1384,16.5666666666667,1,11.77,16.5666666666667,0
1385,16.5666666666667,1,19.99,16.5666666666667,0
1386,5.36666666666667,3,50.3833333333333,16.5666666666667,0
1387,16.5666666666667,1,26.14,16.5666666666667,0
1388,16.5666666666667,1,12.79,16.5666666666667,0
1389,16.5666666666667,1,13.97,16.5666666666667,0
1390,4.83333333333333,8,26.5225,16.5666666666667,0
1391,0.733333333333333,4,55.8275,16.5666666666667,0
1392,16.5666666666667,1,20.97,16.5666666666667,0
1393,16.3333333333333,2,21.925,16.5666666666667,0
1394,0.5,6,30.4116666666667,16.5666666666667,1
1395,13.9666666666667,3,27.78,16.5666666666667,0
1396,9.06666666666667,2,26.97,16.5666666666667,0
1397,0.7,6,21.6983333333333,16.5666666666667,1
1398,3.16666666666667,3,84.45,16.5666666666667,0
1399,16.3333333333333,1,65.04,16.3333333333333,0
1400,7.66666666666667,2,13.425,16.5666666666667,0
1401,16.5666666666667,1,26,16.5666666666667,0
1402,1.26666666666667,8,30.56,16.5666666666667,1
1403,16.5666666666667,1,14.79,16.5666666666667,0
1404,9.43333333333333,2,12.38,16.5666666666667,0
1405,16.5666666666667,1,37.97,16.5666666666667,0
1406,12.0666666666667,2,13.07,16.5666666666667,0
1407,16.5666666666667,1,14.37,16.5666666666667,0
1408,15.6,2,20.99,16.3,0
1409,16.5333333333333,1,13.97,16.5333333333333,0
1410,4.86666666666667,6,44.6733333333333,16.5333333333333,0
1411,16.5333333333333,1,15.96,16.5333333333333,0
1412,11.0666666666667,3,15.96,16.5333333333333,0
1413,16.2666666666667,2,21.65,16.5,0
1414,16.5333333333333,1,16.7,16.5333333333333,0
1415,0.633333333333333,13,33.2315384615385,16.5333333333333,1
1416,16.5333333333333,1,15.36,16.5333333333333,0
1417,16.5333333333333,1,27.71,16.5333333333333,0
1418,15.3,2,28.14,16.5333333333333,0
1419,16.5333333333333,1,13.97,16.5333333333333,0
1420,16.5333333333333,1,27.99,16.5333333333333,0
1421,11.1666666666667,2,10.34,16.5333333333333,0
1422,2.96666666666667,8,83.4525,16.4,1
1423,16.5333333333333,1,33.8,16.5333333333333,0
1424,16.5333333333333,1,81.96,16.5333333333333,0
1425,2.56666666666667,4,23.4525,16.5333333333333,0
1426,7.76666666666667,2,14.24,16.5333333333333,0
1427,16.5333333333333,1,10.99,16.5333333333333,0
1428,1.23333333333333,4,45.235,15.9666666666667,0
1429,16.5333333333333,1,58.28,16.5333333333333,0
1430,16.5333333333333,1,11.77,16.5333333333333,0
1431,16.5333333333333,1,15.76,16.5333333333333,0
1432,0.133333333333333,9,47.2733333333333,16.5333333333333,1
1433,1.06666666666667,5,28.556,16.5333333333333,1
1434,16.5333333333333,1,16.99,16.5333333333333,0
1435,11.1666666666667,6,22.9216666666667,16.5,0
1436,16.5,1,24.37,16.5,0
1437,16.5,1,12.49,16.5,0
1438,15.1333333333333,3,44.2533333333333,16.3333333333333,0
1439,16.5,1,35.31,16.5,0
1440,14.7333333333333,2,80.77,16.5,0
1441,16.5,1,28.34,16.5,0
1442,0.9,4,29.5025,16.5,0
1443,16.5,1,11.77,16.5,0
1444,14.6333333333333,2,21.65,16.5,0
1445,16.5,1,15.96,16.5,0
1446,14.9666666666667,2,22.84,16.5,0
1447,16.5,1,14.99,16.5,0
1448,16.5,1,12.49,16.5,0
1449,16.5,1,14.79,16.5,0
1450,16.5,1,35.99,16.5,0
1451,1.3,7,27.9442857142857,16.3333333333333,1
1452,16.3,2,21.67,16.5,0
1453,6.7,7,14.1657142857143,16.5,1
1454,16.5,1,14.99,16.5,0
1455,16.5,1,11.77,16.5,0
1456,13.2333333333333,3,15.2366666666667,16.5,0
1457,16.5,1,9.98,16.5,0
1458,3.83333333333333,21,20.3042857142857,16.5,1
1459,4.8,9,84.1988888888889,16.5,1
1460,16.4666666666667,1,12.77,16.4666666666667,0
1461,16.4666666666667,1,29.98,16.4666666666667,0
1462,16.4666666666667,1,12.49,16.4666666666667,0
1463,0.766666666666667,5,42.646,16.4666666666667,0
1464,16.4666666666667,1,14.37,16.4666666666667,0
1465,16.4666666666667,1,17.76,16.4666666666667,0
1466,6.93333333333333,6,17.125,16.4666666666667,0
1467,16.4666666666667,1,41.1,16.4666666666667,0
1468,3.4,2,16.715,16.4666666666667,0
1469,11.9333333333333,3,14.6766666666667,16.4,0
1470,1.7,4,30.62,16.4666666666667,0
1471,16.2666666666667,1,28.52,16.2666666666667,0
1472,16.4666666666667,2,11.77,16.4666666666667,0
1473,12.1,4,29.305,16.4666666666667,0
1474,16.4666666666667,1,100.59,16.4666666666667,0
1475,15,3,17.58,16.4666666666667,0
1476,16.4666666666667,1,22.7,16.4666666666667,0
1477,7.26666666666667,3,23.2266666666667,16.2,0
1478,16.4666666666667,1,18.54,16.4666666666667,0
1479,3.86666666666667,4,35.63,16.4666666666667,0
1480,16.4,1,29.92,16.4,0
1481,7.3,3,13.9033333333333,16.4666666666667,0
1482,4.93333333333333,9,26.81,16.4666666666667,0
1483,4.76666666666667,3,16.5733333333333,16.4666666666667,0
1484,12.2333333333333,7,38.8742857142857,16.4666666666667,0
1485,0.666666666666667,3,38.9733333333333,16.4666666666667,0
1486,7.16666666666667,4,29.18,16.4666666666667,0
1487,14.7333333333333,3,22.71,16.4666666666667,0
1488,2.03333333333333,3,40.4666666666667,16.4666666666667,0
1489,16.4666666666667,1,38.34,16.4666666666667,0
1490,0.3,5,30.11,16.4666666666667,1
1491,0.933333333333333,3,50.0266666666667,16.4666666666667,0
1492,0.833333333333333,7,18.0542857142857,16.1666666666667,1
1493,16.4666666666667,1,33.14,16.4666666666667,0
1494,11.4666666666667,3,34.1166666666667,16.4666666666667,0
1495,8.96666666666667,4,19.5575,16.4666666666667,0
1496,16.4666666666667,1,42.9,16.4666666666667,0
1497,16.4333333333333,1,42.13,16.4333333333333,0
1498,11.5333333333333,3,26.6066666666667,16.4333333333333,0
1499,16.4333333333333,1,21.54,16.4333333333333,0
1500,16.4333333333333,1,10.77,16.4333333333333,0
1501,7.2,5,23.572,16.4333333333333,0
1502,2.76666666666667,2,30.455,16.4333333333333,0
1503,16.4333333333333,1,25.34,16.4333333333333,0
1504,16.4333333333333,1,11.77,16.4333333333333,0
1505,16.4333333333333,1,17.76,16.4333333333333,0
1506,16.4333333333333,1,11.77,16.4333333333333,0
1507,16.4333333333333,1,506.97,16.4333333333333,0
1508,2.66666666666667,3,8.35333333333333,16.4333333333333,0
1509,6.8,8,26.765,16.4333333333333,0
1510,4.36666666666667,2,18.305,16,0
1511,16.4333333333333,1,19.99,16.4333333333333,0
1512,3.73333333333333,6,31.9383333333333,16.4333333333333,0
1513,16.4333333333333,1,6.79,16.4333333333333,0
1514,3.13333333333333,4,26.1125,16.4333333333333,0
1515,16.4333333333333,1,29.73,16.4333333333333,0
1516,16.4333333333333,1,10.78,16.4333333333333,0
1517,3.76666666666667,13,25.2184615384615,16.1,1
1518,1.93333333333333,9,129.525555555556,16.4333333333333,1
1519,16.3666666666667,1,13.97,16.3666666666667,0
1520,16.4333333333333,1,11.77,16.4333333333333,0
1521,2.26666666666667,4,77.86,16.4333333333333,0
1522,0.166666666666667,2,30.45,16.4333333333333,0
1523,16.4,1,51.43,16.4,0
1524,0.933333333333333,4,21.495,16.4,0
1525,16.4,1,38.99,16.4,0
1526,16.4,1,12.97,16.4,0
1527,16.4,1,30.72,16.4,0
1528,16.4,1,43.35,16.4,0
1529,16.1666666666667,1,29.92,16.1666666666667,0
1530,16.4,1,13.97,16.4,0
1531,16.4,1,27.94,16.4,0
1532,10.3,2,33.62,16.4,0
1533,15.2333333333333,3,27.8133333333333,16.4,0
1534,16.4,1,15.36,16.4,0
1535,1.73333333333333,3,16.08,16.4,0
1536,16.4,1,19.77,16.4,0
1537,16.4,1,61.25,16.4,0
1538,11.2333333333333,4,35.0725,16.4,0
1539,0.666666666666667,3,19.3133333333333,16.4,0
1540,11.2666666666667,5,22.746,16.4,0
1541,16.4,1,32.32,16.4,0
1542,15.9333333333333,2,17.47,16.4,0
1543,16.4,1,19.99,16.4,0
1544,16.4,1,12.79,16.4,0
1545,0.1,10,66.956,16.4,1
1546,15.6666666666667,2,42.29,16.4,0
1547,16.4,1,56.29,16.4,0
1548,3.1,5,72.714,16.4,1
1549,15.8333333333333,1,50.73,15.8333333333333,0
1550,3.06666666666667,2,47.35,16.3666666666667,0
1551,16.4,1,5.78,16.4,0
1552,15.4666666666667,3,14.5666666666667,16.4,0
1553,16.3666666666667,2,18.63,16.3666666666667,0
1554,11.1666666666667,2,23.44,16.3,0
1555,1.1,8,80.96875,16.3666666666667,1
1556,16.3666666666667,1,12.77,16.3666666666667,0
1557,1.1,2,39.725,16.3666666666667,0
1558,16.3666666666667,1,14.96,16.3666666666667,0
1559,0.7,46,32.1763043478261,16.3666666666667,1
1560,9.23333333333333,2,20.81,16.3666666666667,0
1561,8.9,9,42.7144444444444,16.3666666666667,0
1562,16.3666666666667,1,11.58,16.3666666666667,0
1563,16.3666666666667,1,14.37,16.3666666666667,0
1564,14.4333333333333,2,20.785,16.3666666666667,0
1565,16.3666666666667,1,59.69,16.3666666666667,0
1566,16.3666666666667,1,14.96,16.3666666666667,0
1567,16.3666666666667,1,36.37,16.3666666666667,0
1568,3.86666666666667,5,22.538,16.3666666666667,0
1569,16.3666666666667,1,11.77,16.3666666666667,0
1570,8.4,2,13.68,16.3666666666667,0
1571,16.3666666666667,1,11.77,16.3666666666667,0
1572,7.73333333333333,2,48.615,15.6333333333333,0
1573,16,4,45.6025,16.3666666666667,0
1574,16.3666666666667,1,14.37,16.3666666666667,0
1575,16.3,1,17.88,16.3,0
1576,16.3666666666667,1,27.13,16.3666666666667,0
1577,12.3,2,19.355,16.3666666666667,0
1578,0.133333333333333,7,28.1528571428571,16.3666666666667,1
1579,16.3666666666667,1,11.99,16.3666666666667,0
1580,9.53333333333333,3,14.08,16.3666666666667,0
1581,16.3666666666667,1,9.77,16.3666666666667,0
1582,16.3666666666667,1,30.99,16.3666666666667,0
1583,16.3666666666667,1,37.47,16.3666666666667,0
1584,16.3333333333333,1,17,16.3333333333333,0
1585,15.7,2,13.365,16.3333333333333,0
1586,9.5,7,72.6314285714286,16.3333333333333,0
1587,16.3333333333333,2,18.385,16.3333333333333,0
1588,7.73333333333333,2,24.87,16.3333333333333,0
1589,16.3,2,27.235,16.3333333333333,0
1590,15.4,2,58.39,16.3,0
1591,1.5,7,16.3085714285714,16.3333333333333,1
1592,2.8,3,15.44,16.3333333333333,0
1593,16.3333333333333,1,14.96,16.3333333333333,0
1594,3.8,2,11.13,16.3333333333333,0
1595,7.4,2,16.725,16.3333333333333,0
1596,16.3333333333333,1,9.98,16.3333333333333,0
1597,2.53333333333333,15,43.0786666666667,16.3,1
1598,2.86666666666667,5,26.93,16.3333333333333,0
1599,15.8,2,11.87,16.3333333333333,0
1600,16.3333333333333,1,17.36,16.3333333333333,0
1601,0.266666666666667,14,110.591428571429,16.3333333333333,1
1602,14.6333333333333,4,86.015,16.1,0
1603,16.3333333333333,1,15.36,16.3333333333333,0
1604,16.3333333333333,1,5.96,16.3333333333333,0
1605,16.3333333333333,1,21.97,16.3333333333333,0
1606,16.3333333333333,1,14.96,16.3333333333333,0
1607,16.3333333333333,1,5.78,16.3333333333333,0
1608,16.3333333333333,1,13.97,16.3333333333333,0
1609,8.2,5,19.782,16.3333333333333,0
1610,16.3333333333333,1,55.97,16.3333333333333,0
1611,15.0666666666667,2,41.92,16.3333333333333,0
1612,16.3333333333333,1,11.77,16.3333333333333,0
1613,16.3333333333333,1,15.36,16.3333333333333,0
1614,4.43333333333333,7,23.47,16.3333333333333,1
1615,5.43333333333333,3,24.0733333333333,16.3333333333333,0
1616,16.0666666666667,2,14.37,16.3333333333333,0
1617,16.3,1,13.97,16.3,0
1618,16.3,1,17.9,16.3,0
1619,6.93333333333333,5,25.682,16.3,1
1620,7.1,2,51.47,16.3,0
1621,16.3,1,26.74,16.3,0
1622,16.3,1,29.13,16.3,0
1623,16.3,1,46.68,16.3,0
1624,14.5333333333333,2,32.625,16.3,0
1625,16.3,1,13.97,16.3,0
1626,16.3,1,13.97,16.3,0
1627,16.3,1,15.96,16.3,0
1628,16.3,1,10.78,16.3,0
1629,15.8333333333333,2,9.97,16.3,0
1630,15.9333333333333,1,15.36,15.9333333333333,0
1631,16.3,1,40.11,16.3,0
1632,15.3666666666667,3,24.7366666666667,16.3,0
1633,6.86666666666667,2,32.865,16.3,0
1634,1.7,7,61.1557142857143,16.3,1
1635,10.4666666666667,2,125.59,16.3,0
1636,16.3,1,12.49,16.3,0
1637,12.1666666666667,4,21.225,16.2666666666667,0
1638,16.3,1,31.05,16.3,0
1639,12.2666666666667,4,28.0875,15.8,0
1640,14.8666666666667,3,14.4333333333333,16.2666666666667,0
1641,2.56666666666667,2,18.32,16.3,0
1642,16.3,1,20.54,16.3,0
1643,16.3,1,13.97,16.3,0
1644,16.3,1,24.13,16.3,0
1645,11.3,3,81.6866666666667,16.3,0
1646,16.3,1,10.77,16.3,0
1647,0.333333333333333,3,19.1333333333333,16.3,0
1648,2.93333333333333,5,16.36,16.3,0
1649,16.2666666666667,1,50.68,16.2666666666667,0
1650,9.8,4,109.8025,16.2666666666667,0
1651,2.06666666666667,10,42.556,16.2666666666667,1
1652,16.2666666666667,1,100.34,16.2666666666667,0
1653,4.76666666666667,3,20.9433333333333,16.2666666666667,0
1654,16.2666666666667,1,80.31,16.2666666666667,0
1655,16.2666666666667,1,19.96,16.2666666666667,0
1656,15.8666666666667,2,11.27,16.2666666666667,0
1657,0.733333333333333,4,22.5725,16.2666666666667,0
1658,16.2666666666667,1,37.51,16.2666666666667,0
1659,1.66666666666667,7,27.9557142857143,16.2666666666667,0
1660,16.2666666666667,1,49.7,16.2666666666667,0
1661,16.2666666666667,1,35.78,16.2666666666667,0
1662,1.06666666666667,5,28.616,16.1,0
1663,6.3,3,31.5333333333333,16.2666666666667,0
1664,16.2666666666667,1,52.27,16.2666666666667,0
1665,1,16,34.251875,16.2666666666667,1
1666,9.7,2,37.405,16.2666666666667,0
1667,7.93333333333333,4,31.7125,16.2666666666667,0
1668,14.9333333333333,2,9.24,16.2666666666667,0
1669,16.2,1,46.28,16.2,0
1670,16.2666666666667,1,11.77,16.2666666666667,0
1671,0.666666666666667,15,24.2326666666667,16.2666666666667,1
1672,16.2666666666667,1,23.74,16.2666666666667,0
1673,16.2666666666667,1,55.65,16.2666666666667,0
1674,16.2666666666667,1,7.98,16.2666666666667,0
1675,16.2666666666667,1,13.97,16.2666666666667,0
1676,16.2666666666667,1,10.77,16.2666666666667,0
1677,16.2333333333333,1,18.36,16.2333333333333,0
1678,16.2333333333333,1,37.31,16.2333333333333,0
1679,16.2333333333333,1,83.2,16.2333333333333,0
1680,12.2,2,23.315,16.2333333333333,0
1681,1.86666666666667,2,16.395,16.2333333333333,0
1682,15.4666666666667,2,37.625,16.2333333333333,0
1683,4.43333333333333,2,34.25,16.2333333333333,0
1684,5.03333333333333,5,29.83,16.2333333333333,0
1685,16.2333333333333,1,33.27,16.2333333333333,0
1686,16.2333333333333,1,25.54,16.2333333333333,0
1687,16.2333333333333,1,12.49,16.2333333333333,0
1688,10.5333333333333,3,11.3,16.2333333333333,0
1689,16.1333333333333,1,58.65,16.1333333333333,0
1690,7.53333333333333,7,21.5414285714286,16.2333333333333,1
1691,16.2333333333333,1,20.97,16.2333333333333,0
1692,16.2333333333333,1,15.76,16.2333333333333,0
1693,15.7333333333333,1,0,15.7333333333333,0
1694,16.2333333333333,1,97.21,16.2333333333333,0
1695,16.2333333333333,1,15.36,16.2333333333333,0
1696,11.6666666666667,3,40.5966666666667,16.2333333333333,0
1697,16.2333333333333,1,21.99,16.2333333333333,0
1698,16.2333333333333,1,35.34,16.2333333333333,0
1699,16.2333333333333,1,22.74,16.2333333333333,0
1700,3.33333333333333,6,34.3033333333333,16.2333333333333,0
1701,16.2333333333333,1,12.49,16.2333333333333,0
1702,1.7,4,23.56,16.2333333333333,0
1703,16.2,1,63.69,16.2,0
1704,0.4,8,24.7725,16.2,1
1705,3.56666666666667,6,32.4283333333333,16.2,1
1706,4.63333333333333,2,180.575,16.2,0
1707,15.9666666666667,1,42.34,15.9666666666667,0
1708,1.9,10,50.648,16.2,1
1709,6.46666666666667,2,14.18,16.2,0
1710,0.966666666666667,3,40.5133333333333,16.2,0
1711,16.2,1,14.99,16.2,0
1712,10.4666666666667,2,21.555,16.2,0
1713,16.2,1,60.94,16.2,0
1714,16.2,1,14.37,16.2,0
1715,16.2,1,82.61,16.2,0
1716,0.566666666666667,13,85.2169230769231,16.2,1
1717,14.2666666666667,2,17.655,16.2,0
1718,6.5,5,12.432,16.2,0
1719,16.2,1,22.96,16.2,0
1720,1.03333333333333,5,24.8,16.2,0
1721,15.7666666666667,2,46.48,16.2,0
1722,16.2,1,30.32,16.2,0
1723,1.36666666666667,6,42.65,16.2,1
1724,16.2,1,14.99,16.2,0
1725,16.2,1,53.32,16.2,0
1726,16.2,1,14.79,16.2,0
1727,11.0666666666667,2,27.84,16.2,0
1728,6,2,61.865,16.2,0
1729,16.1666666666667,1,22.3,16.1666666666667,0
1730,6.63333333333333,4,34.96,16.2,0
1731,16.2,1,40.53,16.2,0
1732,16.2,1,32.48,16.2,0
1733,7.26666666666667,2,17.225,16.2,0
1734,9.16666666666667,6,21.7483333333333,16.1666666666667,0
1735,16.1666666666667,1,14.37,16.1666666666667,0
1736,15.7,3,22,16.1666666666667,0
1737,16.1666666666667,1,11.77,16.1666666666667,0
1738,16.1666666666667,1,12.49,16.1666666666667,0
1739,16.1666666666667,1,30.78,16.1666666666667,0
1740,16.1666666666667,1,14.37,16.1666666666667,0
1741,16.1666666666667,1,14.37,16.1666666666667,0
1742,15.8666666666667,2,5.78,16.1666666666667,0
1743,12.4,2,13.865,16.1666666666667,0
1744,16.1666666666667,1,12.77,16.1666666666667,0
1745,16.1666666666667,1,77.24,16.1666666666667,0
1746,0.2,24,33.12625,16.1666666666667,1
1747,14.1,3,32.41,16.1666666666667,0
1748,16.1666666666667,1,12.49,16.1666666666667,0
1749,16.1333333333333,1,15.96,16.1333333333333,0
1750,14.7,2,60.28,16.1666666666667,0
1751,4.86666666666667,3,71.2033333333333,16.1666666666667,0
1752,16.1666666666667,1,46.04,16.1666666666667,0
1753,16.1666666666667,1,10.97,16.1666666666667,0
1754,16.1666666666667,1,17.9,16.1666666666667,0
1755,11.0666666666667,2,41.105,16.1666666666667,0
1756,1.83333333333333,4,32.7,16.1666666666667,0
1757,1.3,9,20.0933333333333,16.1666666666667,1
1758,16.1666666666667,1,15.36,16.1666666666667,0
1759,16.1666666666667,1,6.79,16.1666666666667,0
1760,3,3,16.49,16,0
1761,16.1666666666667,1,9.77,16.1666666666667,0
1762,16.1333333333333,1,13.97,16.1333333333333,0
1763,16.1333333333333,1,23.48,16.1333333333333,0
1764,1.73333333333333,6,52.74,16.1333333333333,0
1765,16.1333333333333,1,48.37,16.1333333333333,0
1766,16.1333333333333,1,14.96,16.1333333333333,0
1767,16.1333333333333,1,29.27,16.1333333333333,0
1768,4.36666666666667,4,23.6975,16.1333333333333,0
